0 0.47788306562500005 0 0 0.065361459375 0 0.18825384843749998 0.1127760640625 1 0.52373638125 1 1 0.9330655140624999 1 0.4762636203125 0.9463983609375 0.094868140625 0.9262811078125001 0 0.47788306562500005 0
1 0.3119912109375 0.385993765625 0.3187825828125 0.4118628453125 0.34571386406250004 0.42385645624999996 0.3808667078125 0.415760334375 0.39926695156249997 0.389506515625 0.3891635328125 0.3625250578125 0.3571554546875 0.3480892328125 0.3272968671875 0.36017486249999997 0.3119912109375 0.385993765625
1 0.6523540171875 0.2592661140625 0.6271122234375001 0.2817478828125 0.6294791734375 0.30981663125000003 0.6429197249999999 0.32686195156250003 0.6632269156249999 0.33663080624999997 0.68665378125 0.33491623125 0.6933029609375 0.326092471875 0.696012809375 0.3004659375 0.6834922640625 0.2675127625 0.6523540171875 0.2592661140625
1 0.6287432 0.43930422187499996 0.629153028125 0.45344732499999996 0.6390640765625 0.46783297343749997 0.6547544734375 0.4672056875 0.6658280765625 0.4561822609375 0.666748084375 0.44027440625 0.6537424484375001 0.4263236734375 0.6365047578125 0.4271684171875 0.6287432 0.43930422187499996
1 0.5708995484375 0.6115305984375 0.5859124828125 0.6173099453125 0.6018454265625001 0.6071814390625 0.6025479765624999 0.589726290625 0.5930718421875001 0.5784352296875 0.578493825 0.57575046875 0.5627783390625 0.5874262703124999 0.5708995484375 0.6115305984375
1 0.5139257296874999 0.7899461484375 0.5045917890625 0.8133479265625001 0.5069587390625 0.841416675 0.5142352046875 0.8482833109374999 0.5257186359375 0.8514029875 0.54827566875 0.8434992359375 0.5547324796875001 0.82207966875 0.551905525 0.8019648484375 0.5360478468750001 0.7789478109375 0.5139257296874999 0.7899461484375
1 0.656912384375 0.684646484375 0.6629091890625001 0.67118084375 0.6574225640625 0.6545955265625001 0.6397499578125 0.6523456828125 0.6344306140625 0.659404690625 0.637692484375 0.6826140984375 0.656912384375 0.684646484375
1 0.40520533125 0.7910251046875 0.40518024218750004 0.80207361875 0.41685604375 0.8177891046875001 0.43276389843749996 0.8187091125 0.4411778296875 0.8112151890625 0.44212292499999994 0.7842588187499999 0.43088204062499996 0.771637921875 0.4167389375 0.77204775 0.40520533125 0.7910251046875
1 0.7755940078125 0.675856146875 0.7894945640625 0.684947540625 0.80320275 0.681443125 0.809634471875 0.6710720718750001 0.8028681875 0.6341544781249999 0.78763779375 0.6268278359375 0.7701575578125001 0.6371738015624999 0.7755940078125 0.675856146875
1 0.5993697890624999 0.7242906796875 0.600431990625 0.7430756640625 0.6101255828125 0.75591401875 0.6260334359375 0.7568340265625 0.6373244984374999 0.7473578937500001 0.6393568843749999 0.72813799375 0.62591633125 0.7110926734375 0.6084611828125001 0.7103901234375 0.5993697890624999 0.7242906796875
1 0.760547565625 0.49020597187500003 0.7700236984375 0.5014970328125 0.78240205 0.4997573703125 0.7861741 0.4929158203125 0.7809551078125 0.45578076718749994 0.764177421875 0.448671584375 0.7564158640625 0.46080738906249996 0.760547565625 0.49020597187500003
1 0.7810472093749999 0.8044739078124999 0.7812144921875 0.8281182312500001 0.792672834375 0.842286421875 0.8130051125 0.8410067625 0.8227488796875001 0.8317480875 0.8265460171875001 0.8138580234375 0.8106883390625 0.7908409843750001 0.791685896875 0.7903558921875 0.7810472093749999 0.8044739078124999
1 0.76390136875 0.278301978125 0.7696807156250001 0.26328904375 0.762646796875 0.2469211859375 0.7515982828125 0.24689609687499997 0.743401809375 0.2559373140625 0.7497582656249999 0.27871180624999997 0.76390136875 0.278301978125
1 0.3403025875 0.666028865625 0.3427698890625 0.6499035531249999 0.33704071875 0.6428194578124999 0.3273220390625 0.6410296171875001 0.3189081078125 0.6485235406250001 0.323064896875 0.666873609375 0.3403025875 0.666028865625
1 0.4339932984375 0.5692351484375 0.43771517187500003 0.5844906296875 0.4487636859375 0.5845157171875 0.449248778125 0.565513275 0.4339932984375 0.5692351484375
1 0.322763840625 0.7994557890625 0.323608584375 0.8166934796875 0.333544721875 0.8200306124999999 0.3340298140625 0.8010281703125001 0.322763840625 0.7994557890625