1 0.25597549218750004 0.6393181921875 0.28067990468750004 0.673336865625 0.31216937499999997 0.6876442890625001 0.3435748359375 0.687802921875 0.3814387 0.6713581875 0.40752434531250004 0.6473910859374999 0.4357332234375 0.6032227578125 0.4439042015625 0.5553772546875 0.4197690828125 0.5009940312500001 0.3796885890625 0.4637881609375 0.351143675 0.4513613296875 0.30231821718749996 0.45251399374999995 0.265354990625 0.475337815625 0.2556253796875 0.49316847187499996 0.243772534375 0.5312003562500001 0.23977339999999997 0.58419765625 0.25597549218750004 0.6393181921875
1 0.6963193203125 0.7248778609375 0.7313273312499999 0.7505528453125 0.762242815625 0.7553733 0.7930742890625 0.746044965625 0.817116015625 0.726576359375 0.8348579718750001 0.692305659375 0.8382878125 0.659672909375 0.8292861281249999 0.6257335546875 0.8042550640625 0.5948227625 0.7802086453125 0.58443985 0.7353917062499999 0.592298253125 0.7016996843750001 0.6138947859375 0.6890255187500001 0.62984485 0.681101875 0.690285203125 0.6963193203125 0.7248778609375
1 0.57844371875 0.5758023546875 0.59374048125 0.5946922828125001 0.625883253125 0.60278394375 0.6500089890625 0.597464128125 0.6787125374999999 0.5784854984375001 0.69424725 0.5502672359375 0.6989043796875001 0.5209056921874999 0.6903926734375 0.482304515625 0.652930084375 0.45008711874999996 0.6282303625 0.4459199671875 0.6089297734375 0.45017582031250003 0.5794095968749999 0.47692415156249995 0.5669874578125 0.5353205859375 0.57844371875 0.5758023546875
1 0.6989743109375001 0.44549992187500004 0.7325917078125 0.46945763906250004 0.7541835484375 0.47329814062500003 0.7876329265625001 0.468958278125 0.8286046734375001 0.45284019531249997 0.8636033 0.4188121390625 0.8845324531250001 0.36916536093749996 0.8803512250000001 0.304310521875 0.8654604296875 0.26660998281250003 0.8436212546874999 0.25017463281249996 0.81753091875 0.2442902140625 0.76224705625 0.262046246875 0.7279017328124999 0.289858540625 0.6967483 0.3321462765625 0.6833415140625 0.370014834375 0.6824455687500001 0.3934872671875 0.6989743109375001 0.44549992187500004
1 0.4477400109375 0.50393389375 0.47178642968749995 0.5143168078125 0.49853006874999994 0.5139854640625 0.5181573078125 0.5066217296875 0.5416250484375 0.4776661546875 0.543174296875 0.4479779609375 0.53057475625 0.41837377499999995 0.50595435 0.39850389218750004 0.48109130312500004 0.39589068125 0.46130073749999995 0.40480835624999995 0.4351357765625 0.4444781875 0.4355511296875 0.4853706171875 0.4477400109375 0.50393389375
1 0.30424528125 0.2249060671875 0.3302563015625 0.246493215625 0.35961784375 0.25115034375 0.3932305484375 0.2452565421875 0.4155550078125 0.22717855 0.43125304687500005 0.197406346875 0.4341089 0.155286628125 0.4249438921875 0.12290121406250001 0.388545265625 0.0955089640625 0.3604110109375 0.094123040625 0.340947096875 0.099932834375 0.3189492890625 0.1149029453125 0.30047002031250003 0.1412406171875 0.29197239062499997 0.192194 0.30424528125 0.2249060671875
1 0.4908861546875 0.2728027328125 0.509290796875 0.2920193125 0.522786284375 0.298151065625 0.5510838640625 0.2979830484375 0.5744722875 0.28473020312499997 0.5854291875000001 0.270170753125 0.5937634921875 0.22077130937499997 0.5679951156249999 0.181927490625 0.5515550734375 0.17391514531250002 0.5263653734375 0.174409815625 0.509846015625 0.1821002 0.49390064218749996 0.1992775546875 0.486466975 0.2550560859375 0.4908861546875 0.2728027328125
1 0.6147860390625 0.24497636250000002 0.643167628125 0.258957134375 0.6573164171875 0.258873125 0.69395299375 0.239157184375 0.703519278125 0.2228804671875 0.705231853125 0.1916383328125 0.6806907640625 0.1560657203125 0.6528831625 0.15157191718750002 0.62622353125 0.16605205 0.6116687734374999 0.1849466703125 0.6057050390625001 0.22673973749999998 0.6147860390625 0.24497636250000002
1 0.2390032421875 0.36730398750000004 0.26337631250000004 0.3745790203125 0.28038564843749997 0.3622268140625 0.2853694296875 0.32975738906249996 0.271953259375 0.30792290625 0.2472535375 0.3037557546875 0.2269729953125 0.31733525 0.22386980625000003 0.34686011875 0.2390032421875 0.36730398750000004
1 0.829794425 0.217299240625 0.8638177890625001 0.22244634687499998 0.88319769375 0.20248776249999997 0.8875281718749999 0.1762341015625 0.8711674468749999 0.152519025 0.8450771093749999 0.14663460781249998 0.8172742 0.17199232343749998 0.8160516031249999 0.1985726375 0.829794425 0.217299240625
1 0.453404796875 0.12117925468749999 0.46984483906249996 0.12919160000000002 0.4872648359375 0.12788030156250002 0.5032102078125 0.11070294843749999 0.50566009375 0.087393840625 0.4998503 0.06792992656249999 0.49273390156249997 0.060897535937500004 0.461328440625 0.060738903125 0.44710033437499996 0.07652564218749999 0.44465044843749996 0.09983475 0.453404796875 0.12117925468749999
1 0.5842624468750001 0.1317907359375 0.6077348796875001 0.13268668125 0.6194290921875 0.12606025781250002 0.6258034875 0.09530809999999999 0.618439753125 0.07568086093750001 0.5937400312500001 0.071513709375 0.5820458187499999 0.07814013125 0.57346418125 0.114944725 0.5842624468750001 0.1317907359375
1 0.330027734375 0.353304446875 0.35783533749999996 0.35779825 0.3689555625 0.34168485937500004 0.3717321 0.315267871875 0.3655956546875 0.29891183906249996 0.35520805 0.2931067375 0.325930515625 0.302598396875 0.3187347984375 0.3112687375 0.31832883125 0.33007934843750003 0.330027734375 0.353304446875
1 0.412134553125 0.319514340625 0.426694003125 0.330471240625 0.4422334078125 0.3321044984375 0.455481559375 0.3256414015625 0.46897235468750004 0.301921634375 0.46479581875 0.266918315625 0.4419766890625 0.2598066078125 0.41940489375 0.26528975 0.40844799375 0.2798492 0.4059981078125 0.3031583078125 0.412134553125 0.319514340625
1 0.5456711046875 0.72318405625 0.572662078125 0.7354475625 0.585093603125 0.7367541671875 0.606601434375 0.726445878125 0.6254073531250001 0.6970003265625 0.620003528125 0.6587258015625 0.5922752421874999 0.6385292671875 0.5586625375 0.6444230703125 0.541247234375 0.6755858875 0.53888135625 0.713043784375 0.5456711046875 0.72318405625
1 0.48342947656249996 0.7025022375 0.5117270578124999 0.70233421875 0.52783575625 0.683602925 0.5318395812500001 0.66045714375 0.5085257828125 0.6281557375 0.48178214375 0.6284870812500001 0.4663267484375 0.6410026140625 0.46224360468750003 0.679851125 0.48342947656249996 0.7025022375
1 0.24995075781249998 0.29304149687500003 0.276367746875 0.295818034375 0.2888785859375 0.281421909375 0.2901011828125 0.2548415953125 0.2712065640625 0.24028683750000002 0.2523959515625 0.2398808703125 0.241602378125 0.2528863796875 0.238989165625 0.2777494265625 0.24995075781249998 0.29304149687500003
1 0.409171678125 0.7214062421875 0.432317459375 0.72541006875 0.44589226406250004 0.7158390906250001 0.44834215000000005 0.692529984375 0.43631659375 0.6724127671875 0.4204505375 0.673887390625 0.40205058749999995 0.68452233125 0.403035234375 0.7050502078124999 0.409171678125 0.7214062421875
1 0.5207052796875 0.5870159734375 0.536408009375 0.587095290625 0.551373428125 0.5792415796875 0.5584851359375 0.55642245 0.5486668234375001 0.5302527968749999 0.528465596875 0.5281295625 0.5131735281250001 0.5390911546875 0.50647248125 0.5729511921875 0.5207052796875 0.5870159734375
1 0.4365217 0.41634393437500006 0.451160465625 0.41159810312499995 0.462117365625 0.397038653125 0.45900479375 0.36686048125 0.44722657187500003 0.3593381140625 0.4298065765625 0.36064941250000004 0.4172957359375 0.3750455359375 0.41500917499999995 0.396800703125 0.4365217 0.41634393437500006
1 0.312322865625 0.10320873281250001 0.34078377187500003 0.101486775 0.3542745671875 0.0777670078125 0.3498553875 0.060020359375 0.327199584375 0.0513547125 0.3110068765625 0.0559372171875 0.3016039171875 0.07065999218749999 0.3029152140625 0.0880799890625 0.312322865625 0.10320873281250001
1 0.6086547359375001 0.7816504234375 0.6307365546875 0.7808291015625 0.638422246875 0.767496940625 0.6374376015625 0.7469690640625 0.622714825 0.7375661046875 0.6035775625 0.7402680171875 0.59605519375 0.7520462375 0.5958125515625 0.7693029078125 0.6086547359375001 0.7816504234375
1 0.540015253125 0.6424631609375 0.5555546578125 0.64409641875 0.5696194375 0.62986361875 0.5714160203125 0.612770275 0.56184504375 0.5991954703125 0.5433610843750001 0.5956816218750001 0.5279056875 0.6081971546875 0.5274997203125 0.6270077656249999 0.540015253125 0.6424631609375
1 0.732605784375 0.5590122 0.7474918859375 0.56686121875 0.766139171875 0.568821128125 0.7842124703125 0.56129406875 0.7950853625 0.532585828125 0.7814218578125 0.4981564953125 0.7601566671875 0.49120811406250003 0.7324330734375 0.5008631 0.7266279734375 0.51125070625 0.7245887468750001 0.545600721875 0.732605784375 0.5590122
1 0.7386066062500001 0.232852721875 0.7521814109375 0.22328174375 0.755531934375 0.20635172499999999 0.748331525 0.18517054375 0.7167627390625 0.1865658515625 0.7106309859375 0.2000613375 0.71128898125 0.223697096875 0.7386066062500001 0.232852721875
1 0.65541705625 0.1424116 0.6773355484375 0.14314421875 0.6846105828125 0.1187711484375 0.6717683984375 0.10642363437499999 0.6512405203125 0.10740828124999999 0.646088721875 0.111580125 0.6453561015625 0.1334986171875 0.65541705625 0.1424116
1 0.48182392343749997 0.37397218906249996 0.5057863328125001 0.3702063125 0.5122447375 0.35360294531249997 0.5020997734375 0.3305411734375 0.4756827859375 0.3277646359375 0.46816041875 0.33954285624999997 0.4688184125 0.3631786140625 0.48182392343749997 0.37397218906249996
1 0.2577763171875 0.12889779375 0.2748696609375 0.1306943765625 0.2854999109375 0.1192428078125 0.2851685671875 0.09249916875 0.26390337812500003 0.0855507859375 0.25253581718749996 0.089069328125 0.2478786875 0.11843087031249999 0.2577763171875 0.12889779375
1 0.192184615625 0.64832456875 0.218438278125 0.652655046875 0.2284152234375 0.6474192390625 0.2367542203125 0.627871315625 0.22489199062499998 0.6062001578125 0.20174620937499999 0.6021963312499999 0.187518103125 0.6179830703125 0.18555819375 0.63663035625 0.192184615625 0.64832456875
1 0.43845814687500007 0.248439046875 0.4524436109375 0.24990897968749998 0.46511777812500005 0.23395891406249997 0.46429645624999993 0.21187709531249999 0.45701673125 0.20639864531250002 0.43804279375000005 0.20754661875 0.4291298125 0.21760757343749998 0.4288871703125 0.23486424375 0.43845814687500007 0.248439046875
1 0.44802957499999996 0.785192425 0.46544957187499997 0.7838811265625 0.47313526406250006 0.770548965625 0.4713339890625 0.757790790625 0.461273034375 0.7488778078125 0.4438530375 0.75018910625 0.43837458749999997 0.75746883125 0.439359234375 0.777996709375 0.44802957499999996 0.785192425
1 0.688722328125 0.7822103328125001 0.707859590625 0.7795084203125 0.7147286562499999 0.7739459609375 0.713744009375 0.7534180828125 0.699184559375 0.7424611828125001 0.6878169984375 0.745979725 0.6785773640625 0.7591485609374999 0.6788247000000001 0.771743409375 0.688722328125 0.7822103328125001
1 0.6553569593749999 0.8006989843750001 0.6668878453125 0.795626503125 0.6722822859375001 0.7741979875 0.6592767765625 0.7634044140625 0.651180421875 0.765695665625 0.6407135 0.7755932953125 0.6389169171875 0.792686640625 0.6553569593749999 0.8006989843750001
1 0.5042140734375 0.77381548125 0.5126370796875 0.7684163468749999 0.5159876031249999 0.751486328125 0.5093611796874999 0.739792115625 0.49504906406250004 0.741430065625 0.482864875 0.752718309375 0.48049430624999995 0.7603246859375 0.48744737968749996 0.7689110171875 0.5042140734375 0.77381548125
1 0.5342336125 0.8021083687499999 0.5442105578125 0.7968725609375 0.5416719703124999 0.7761813578125001 0.5266225437500001 0.769886278125 0.516645596875 0.7751220859375 0.511904459375 0.7903348390625 0.5174669187500001 0.7972039046875 0.5342336125 0.8021083687499999
1 0.510415309375 0.1617356484375 0.525380728125 0.1538819375 0.5240694296874999 0.136461940625 0.5099999562499999 0.12084322031250001 0.48988273906249996 0.132868775 0.492094675 0.156667859375 0.510415309375 0.1617356484375
1 0.7820282390625 0.19342553125 0.801818803125 0.18450785625 0.79870623125 0.154329684375 0.7819395375 0.149425221875 0.7752337984375 0.1534337390625 0.7669788109375 0.187130453125 0.7820282390625 0.19342553125
1 0.5404254625 0.13032549531249998 0.5504024078125 0.1250896890625 0.5549802203125 0.111430875 0.5472898359375 0.0949115171875 0.524881365625 0.09884071875 0.5208775390625 0.1219865 0.5404254625 0.13032549531249998
1 0.2260071171875 0.416213453125 0.2386019671875 0.41596611875 0.25078615625 0.40467787499999996 0.2502914859375 0.3794881765625 0.24162114687499997 0.3722924609375 0.219539328125 0.37311378125 0.2121802859375 0.3833380609375 0.21177431875 0.40214867187500003 0.2260071171875 0.416213453125
1 0.8416242593750001 0.5531883296875 0.8576536406249999 0.550159765625 0.8614941421875001 0.528567925 0.8400656265625001 0.523173484375 0.8331965609375 0.52873594375 0.8315633046875 0.5442753484375 0.8416242593750001 0.5531883296875
0 0.0498792046875 0 0 0.4823395125 0 0.9502020234374999 0.473796109375 1 0.9486309140625 1 1 0.5112558015625 1 0.051369084375 0.5112558093749999 0 0.0498792046875 0