1 0.1328024296875 0.6764308906250001 0.162267253125 0.6894471046875 0.18871663125 0.6961597328125 0.240298546875 0.695497359375 0.2795459828125 0.6852432609375 0.301744884375 0.6668778875 0.3073588296875 0.6138427875 0.29085568125 0.5744862734375 0.26476080625 0.5474642390625 0.22753921250000003 0.531187153125 0.1806713515625 0.530369071875 0.153867471875 0.54396585 0.123475490625 0.5840665453125 0.11495517656250001 0.6245490109375 0.11758885156250001 0.6527242656250001 0.1328024296875 0.6764308906250001
1 0.5056922046875 0.7110689890625 0.535129759375 0.725647465625 0.586548059375 0.7343586656250001 0.6227800484375 0.7178009796875 0.6720282531249999 0.6717784703125 0.689703984375 0.6439577171875001 0.6966893062499999 0.60188571875 0.690767490625 0.5830294968749999 0.6571339984375 0.540248496875 0.6323832312500001 0.525751828125 0.6137451640625 0.519175546875 0.5637255109375 0.5198651890625 0.5353048312500001 0.5365592218749999 0.5017610546875 0.578167640625 0.48849941562500004 0.621692821875 0.48749044843749995 0.6794965171875 0.5056922046875 0.7110689890625
1 0.84228754375 0.6763130953125 0.8608983421874999 0.6844516375 0.89370584375 0.68502429375 0.912562065625 0.6791024796875 0.9474226796874999 0.6515816890624999 0.9539171515625 0.6376304078125 0.9608206656249999 0.600245196875 0.9503484109375 0.5734958578125 0.9303389671875 0.5559564734375 0.9085763765625 0.549325653125 0.8726443500000001 0.5486984578125 0.852198596875 0.556155265625 0.8315619578125 0.5745479078125 0.820271621875 0.594666428125 0.8178094703125 0.64619380625 0.84228754375 0.6763130953125
1 0.8404561359375 0.42311756875000006 0.85739559375 0.43747789062500003 0.8964248749999999 0.4397218875 0.9200496921875001 0.42919509375000003 0.9391513375 0.4092129203125 0.94572761875 0.390574853125 0.9463275453125 0.35620508906250004 0.93728120625 0.337294328125 0.9094877218749999 0.3180563359375 0.87826975 0.3159486859375 0.8562890046874999 0.3218159625 0.82915789375 0.35415988593750003 0.8283398125 0.4010277453125 0.8404561359375 0.42311756875000006
1 0.3575922796875 0.2427879671875 0.3668295046875 0.25076289375 0.3980747453125 0.2513082828125 0.4327444734375 0.2347233265625 0.447077525 0.21934613125000002 0.495254315625 0.145175634375 0.5022396375 0.1031036375 0.48565468125000005 0.068433909375 0.46718023124999997 0.0524840578125 0.4422931171875 0.0457986984375 0.3828453515625 0.049449248437499996 0.32425084531250004 0.0937458796875 0.31285143125000003 0.1201134484375 0.31230604375 0.1513586890625 0.3575922796875 0.2427879671875
1 0.17169100625 0.328619115625 0.1886304640625 0.34297943750000004 0.2229184203125 0.34826615 0.2576154171875 0.3301189328125 0.26734349062499996 0.3099731421875 0.26786160937500003 0.2802901640625 0.24963258437500002 0.250279953125 0.22019502968750002 0.23570147656249998 0.1998856234375 0.2353469734375 0.1778776078125 0.2427765125 0.16516135625 0.255056453125 0.1585850765625 0.27369452031249997 0.15960195 0.3049670296875 0.17169100625 0.328619115625
1 0.3463450265625 0.4394966359375 0.3791797984375 0.43850703125 0.3951023828125 0.4215948421875 0.3924959765625 0.39185732500000003 0.37552925 0.379059265625 0.3473812640625 0.38013067968750003 0.3298418796875 0.400140121875 0.3309951 0.423601321875 0.3463450265625 0.4394966359375
1 0.13179701093750001 0.465443709375 0.14741963125 0.46571640312499996 0.1584918125 0.45809597812499997 0.16813807812499998 0.4426369734375 0.162352609375 0.4159694421875 0.1499908609375 0.40793997656250003 0.11707428125 0.41361636874999996 0.10896300781249998 0.430664903125 0.113268021875 0.4526183796875 0.13179701093750001 0.465443709375
1 0.6954965484375 0.13304349531249998 0.7278677421874999 0.15861234531249999 0.776352403125 0.156333171875 0.7985785734374999 0.1364055375 0.8004680671875001 0.11768566250000001 0.755244278125 0.11220806406249999 0.755844203125 0.0778383 0.773247240625 0.0656401671875 0.7873076 0.065885590625 0.7874439468750001 0.058074281250000005 0.7500860046875 0.04960850625 0.7139903624999999 0.058354882812499995 0.694861446875 0.0798993171875 0.6910551875000001 0.1189013296875 0.6954965484375 0.13304349531249998
1 0.60325 0.85185555 0.632932978125 0.85237366875 0.6519800859375 0.8355160187499999 0.6525527421875 0.8027085171874999 0.6294460453124999 0.78355233125 0.598146265625 0.7861314671875 0.5822509515625 0.8014813937499999 0.5817601031249999 0.8296021109374999 0.60325 0.85185555
1 0.34481439375 0.7957741859375 0.3589838296875 0.7897705625 0.3657509953125 0.7601966609375 0.3566228484375 0.7459726859375 0.3300916625 0.7439468453125 0.3190467515625 0.7500050078125 0.31236139218750003 0.774892121875 0.319927278125 0.7890888265625 0.34481439375 0.7957741859375
1 0.08431340937500001 0.3208429828125 0.11558592031249999 0.3198261078125 0.12534126406249999 0.29811805625 0.1225985109375 0.2761918484375 0.10247999062499999 0.2649015125 0.0773474515625 0.2722765125 0.0693179859375 0.2846382625 0.0704984765625 0.3065372 0.08431340937500001 0.3208429828125
1 0.0737435328125 0.12062801875 0.1050978515625 0.11492435781250002 0.11307277812500001 0.1056871328125 0.1150168109375 0.083842734375 0.1090949953125 0.06498651250000001 0.0827274265625 0.0535870984375 0.057594887500000004 0.0609620984375 0.0494836140625 0.078010634375 0.05359774375 0.1108999453125 0.0737435328125 0.12062801875
1 0.148892178125 0.381354253125 0.1617720453125 0.359700740625 0.14954664374999999 0.3438599640625 0.1307722296875 0.34509499374999997 0.122770034375 0.35589448125 0.12247007031249998 0.3730793640625 0.148892178125 0.381354253125
1 0.6069657328125 0.1018061625 0.61801064375 0.095748 0.62305193125 0.07552040156249999 0.6154587765625 0.062885959375 0.592052115625 0.06091465625 0.582542196875 0.06856235000000001 0.5867108640625001 0.0983271359375 0.6069657328125 0.1018061625
1 0.26755455 0.8350567984374999 0.2816149078125 0.8353022234375 0.29285070625 0.8183082265625 0.28525754999999997 0.8056737828125 0.2633858828125 0.8052920109375 0.25702775624999996 0.8114319828125 0.25831732500000004 0.827081871875 0.26755455 0.8350567984374999
1 0.08644478125 0.556853625 0.086853821875 0.5334196953125 0.07128574062500001 0.5300224765625 0.060268098437499994 0.534518378125 0.058433142187499995 0.550113728125 0.0661081046875 0.5580613859375 0.08644478125 0.556853625
1 0.8496783578124999 0.8795980437500001 0.8731395578125 0.8784448218750001 0.8795522218749999 0.8691803281249999 0.8783171937500001 0.8504059140625 0.848688753125 0.846763271875 0.8450733796875 0.87482945 0.8496783578124999 0.8795980437500001
0 0.008651368750000001 0 0 0.4956365625 0 0.8927412984374999 0.0039764859375000005 0.894528284375 0.019653643749999998 0.8916764546874999 0.0242040828125 0.8995695734375 0.0505716515625 0.9109689859375001 0.052570225000000005 0.8860000640625 0.0791832171875 0.88333911875 0.08052732500000001 0.8958644843749999 0.10215356874999999 0.9103066140625 0.0975837671875 0.9930519625 0.6679582749999999 1 0.9866731281250001 1 1 0.3571081546875 1 0.01021410625 0.414834253125 0 0.008651368750000001 0