1 0.3602139203125 0.7420128171875 0.3307990609375 0.7281602015625 0.254314415625 0.735300090625 0.22335703750000002 0.7486917328125 0.187690428125 0.7803663828125 0.165419215625 0.81602548125 0.1565434 0.8556690250000001 0.169659959375 0.9120605718749999 0.2067648734375 0.9515294937500001 0.2724744265625 0.9732618109375 0.318908615625 0.966660815625 0.3514047546875 0.9529978484375 0.3758465703125 0.9296488484375001 0.39377282187499996 0.8963424890624999 0.4023773109375 0.8551601828125 0.39351652187499997 0.786912 0.3602139203125 0.7420128171875
1 0.8306995859375 0.7558363484374999 0.8100638375000001 0.7467821546875 0.7585599015625 0.7606235015625 0.737013475 0.7913949859375 0.7458780203125001 0.8326702375 0.77248668125 0.8486042671874999 0.7951146515625 0.8509607609375 0.8145759078125 0.8443560078125 0.841552596875 0.8173868328125 0.8403818624999999 0.7747549546875 0.8306995859375 0.7558363484374999
1 0.6006110234375 0.13479326875 0.5823280140625 0.1300840359375 0.5298279671875 0.14727423125 0.5105450890625 0.1728867796875 0.518142196875 0.21597211875000003 0.5486423578124999 0.2359797828125 0.576882725 0.23417345156249997 0.59761141875 0.2257586125 0.62296015625 0.1895568640625 0.6179871109375 0.15235524843749998 0.6006110234375 0.13479326875
1 0.2743821859375 0.273233021875 0.231296846875 0.2808301296875 0.21853328906249997 0.28942710625 0.202781396875 0.30807063125 0.199700115625 0.3355862125 0.20114593125 0.352783921875 0.2168903109375 0.3880862609375 0.25716569375 0.409543496875 0.295634746875 0.402760365625 0.30532078125 0.3947060390625 0.3262353671875 0.35135313125 0.3175529578125 0.30211274375 0.30922730781249996 0.2908879484375 0.2743821859375 0.273233021875
1 0.49332108437500005 0.36314311875 0.4760341859375 0.3550850359375 0.438107784375 0.3649456921875 0.42398384218749996 0.3928217890625 0.4306777859375 0.42178694375000003 0.454751571875 0.441341146875 0.4962981484375 0.4340153640625 0.5096081140625001 0.40152298125 0.503456821875 0.37563535 0.49332108437500005 0.36314311875
1 0.5674304515624999 0.5134958578125 0.5407288453125 0.5150308625 0.5215389125 0.523174378125 0.5052443703125 0.538740378125 0.5016204390625 0.5631784359374999 0.5066864296875 0.5829110187500001 0.5294927796875 0.604275309375 0.5536595125 0.6063604781249999 0.5792758171875 0.598670425 0.5972912578125 0.5748679625 0.5902368015625 0.5348601484375 0.5674304515624999 0.5134958578125
1 0.7442585515625 0.1126375421875 0.7081422359375 0.12376563437500002 0.7049717656250001 0.14177731875 0.7139292562499999 0.16558353750000002 0.7304021796875 0.1690253328125 0.754208396875 0.1600678421875 0.7609990421874999 0.14459103125 0.7562043765625 0.1263972109375 0.7442585515625 0.1126375421875
1 0.588174171875 0.39718929062499997 0.5600229921875 0.40849951874999996 0.5486160609375 0.4247903046875 0.5592015031249999 0.45782909531250005 0.5749496390625 0.46615850312499996 0.60726364375 0.46046067187500006 0.6203914734375 0.435933425 0.61424018125 0.41004579375 0.588174171875 0.39718929062499997
1 0.616615459375 0.2525531640625 0.590727828125 0.25870445625 0.579320896875 0.27499524375 0.5872822765625 0.3021503109375 0.6091854609375 0.3093944171875 0.6299141546875 0.30097957656249996 0.6397823234375 0.284960115625 0.63390235625 0.26061124687500004 0.616615459375 0.2525531640625
1 0.8116739765625001 0.23402512656250002 0.7793599718750001 0.23972295625 0.7710305640625 0.25547109218749997 0.7823407921875 0.283622271875 0.7908485796875 0.28688193125 0.8210811703124999 0.2783779015625 0.827600490625 0.2613623296875 0.822805825 0.243168509375 0.8116739765625001 0.23402512656250002
1 0.683967990625 0.175626328125 0.662967971875 0.18250240625 0.6574447625000001 0.1961691296875 0.662239428125 0.21436295 0.6759061515625 0.21988615937499997 0.70152245625 0.2121961046875 0.7017975390625 0.186761934375 0.6958246265625 0.1798821 0.683967990625 0.175626328125
1 0.621327478125 0.864151484375 0.6162577312499999 0.8713918328125001 0.623676459375 0.8954693765625 0.632455571875 0.9002677984374999 0.652188153125 0.8952018078125 0.6585253375 0.8861513703125 0.652645371875 0.861802503125 0.621327478125 0.864151484375
0 1 0.7937550046874999 0.971823509375 0.6563820015624999 0.9006320703125 0.35161415625000003 0.854231690625 0.1154587671875 0.8489835640625 0.10369132031249999 0.8217393078124999 0.10214880156249999 0.798208171875 0.0856721234375 0.7903397390625 0.041048021875 0.77187459375 0.044303925 0.7787469140625001 0.0922768765625 0.7485143234375 0.10078090625 0.732409428125 0.05443590625 0.7103241078125 0.0551569359375 0.00203631875 0.21336586875000002 0 0.214119321875 0 0.395149846875 0.03358045625 0.5362308312499999 0.1285555734375 0.9938787765624999 0.136792034375 0.9955996734375001 0.13756793125 1 0.4257836734375 1 0.982022140625 0.8671886546875 0.9985880078125 0.853161415625 1 0.8469633625 1 0.7937550046874999