1 0.7044357921875 0.3094314875 0.72851525 0.33127888125 0.8037453812500001 0.34681291718749996 0.83726540625 0.3430574875 0.8806343265625 0.3231947765625 0.9123581046875 0.295605284375 0.9324367390624999 0.2602890125 0.936380603125 0.2025265953125 0.9124365937500001 0.1539338515625 0.85595215 0.11393951875 0.8096169703125 0.1066760390625 0.7745460921875 0.1102410484375 0.74434568125 0.1254237125 0.7174648859375 0.1520336140625 0.6971958296875 0.1889007390625 0.6857156062499999 0.2567574453125 0.7044357921875 0.3094314875
1 0.2585497234375 0.15865528125 0.275636596875 0.1733471578125 0.3289368734375 0.1751689078125 0.358538534375 0.1520415546875 0.36212904375 0.10997809375 0.341341715625 0.0869606859375 0.32039145156250004 0.07809138125000001 0.299849515625 0.0787176171875 0.26616655625 0.096621146875 0.25482178125 0.1377325046875 0.2585497234375 0.15865528125
1 0.297009084375 0.8198331171875 0.3131163671875 0.8296820140625 0.36834833906250003 0.8285924765624999 0.39427703125 0.8097368421875 0.399608815625 0.7663129484375 0.3762910421875 0.7382621406250001 0.34875652343749997 0.7317328578125 0.3264733125 0.7337195265625 0.29164782968749997 0.7609281765625 0.285526875 0.7979582359374999 0.297009084375 0.8198331171875
1 0.649459140625 0.7828226046875 0.692883034375 0.7881543875 0.7076023984375001 0.7836647625000001 0.728116846875 0.7704412781250001 0.73910826875 0.745028875 0.7427537515625 0.728159909375 0.7380187312500001 0.689796903125 0.7057766796875 0.6575018640625 0.6670053453125 0.6527413421875 0.6553876890625 0.657611809375 0.62271180625 0.69295556875 0.6166183390625 0.7425828765625 0.6212983859375 0.7557513874999999 0.649459140625 0.7828226046875
1 0.4663739984375 0.6328296124999999 0.4805495875 0.6455897953124999 0.5197017625 0.647248609375 0.5413587359375 0.62472000625 0.5434258796875 0.595063371875 0.5261210984375 0.5693251 0.4842480578125 0.5641837375 0.4620198203125 0.5913649000000001 0.46033352031249997 0.617919828125 0.4663739984375 0.6328296124999999
1 0.4394617453125 0.467379090625 0.4654454109375 0.473717953125 0.4861777671875 0.4715408640625 0.506311375 0.46141908750000005 0.5169219546875 0.43910839062499996 0.517846571875 0.41875687656249994 0.502283065625 0.39165817187499996 0.4797819484375 0.3825984453125 0.4530365984375 0.3824629984375 0.42884918125000004 0.39995820000000004 0.4238982390625 0.4402803875 0.4394617453125 0.467379090625
1 0.1531605640625 0.799022271875 0.19095230624999998 0.7989398125 0.19925035 0.782642109375 0.1976445234375 0.7572571921875 0.18289767343750002 0.7491495703125 0.15751275625 0.750755396875 0.1464938484375 0.763570553125 0.14575965156249998 0.7823712140625 0.1531605640625 0.799022271875
1 0.385619678125 0.5725387375000001 0.415847575 0.5699533203125 0.43151904375 0.557709428125 0.4310557421875 0.5230193921875 0.4184310078125 0.5104496296875001 0.3858630875 0.5064507921875 0.3661378078125 0.5260681109374999 0.36445150625 0.5526230390625 0.385619678125 0.5725387375000001
1 0.31613362968750003 0.7025395249999999 0.34268855625 0.7042258265625 0.35836002499999997 0.6919819328125 0.35868589375000004 0.66368573125 0.3398577453125 0.6503542859375 0.3175745359375 0.6523409546875001 0.303453921875 0.6647752687499999 0.301958040625 0.6897793437499999 0.31613362968750003 0.7025395249999999
1 0.12418116718750001 0.6632283859375 0.1567490875 0.6672272234375 0.1693188484375 0.6546024890625 0.16673343125 0.6243745921875 0.159550428125 0.6187699265625 0.12815251875 0.6180632171875 0.116943190625 0.632429225 0.11620899375 0.6512298859375 0.12418116718750001 0.6632283859375
1 0.229232853125 0.75641305 0.2513256421875 0.755977234375 0.26060327499999997 0.7445225125 0.261337471875 0.7257218515625 0.24988275 0.7164442171875 0.2231374 0.7163087703125 0.21543810625 0.7405511609375 0.21913856250000002 0.7488766906250001 0.229232853125 0.75641305
1 0.4904415453125 0.11628748281250001 0.4974066421875 0.110845753125 0.49735166875000003 0.08565125625 0.4903590859375 0.0784957390625 0.4700075703125 0.07757112187500001 0.4613012 0.084373284375 0.4598053203125 0.109377359375 0.4904415453125 0.11628748281250001
0 0.0734898234375 0.52476860625 0.0488175734375 0.7641712859374999 0.050395914062500005 0.7769589546875 0.0759987375 0.7863995234375001 0.093684359375 0.8090360875 0.08816215468750001 0.8540108359374999 0.1067723953125 0.8562958859375 0.11422629531249999 0.8084098515625 0.14562420468749998 0.8091165625000001 0.147475425 0.8581451203125001 0.1688065296875 0.86391271875 0.892401328125 0.9197000734375 0.90984155625 0.9186929953125 0.9288051515625 0.9052790906249999 0.9416458078125001 0.839163659375 0.9566320968750001 0.6017201609375 0.9996102515624999 0.1363012171875 0.992236825 0.13224740625 0.9977590296875001 0.08727265937499999 0.986494728125 0.076444171875 0.9025307390625 0.055115051562499996 0.1463955078125 0.0079261078125 0.126452321875 0.01649703125 0.1104274984375 0.0444398796875 0.09451460625 0.2125033046875 0.0734898234375 0.52476860625