1 0.725 0.9203125 0.759375 0.928125 0.80625 0.9265625 0.8671875 0.89375 0.896875 0.8484375 0.9 0.790625 0.884375 0.753125 0.85625 0.721875 0.815625 0.696875 0.7828125 0.6890625 0.70625 0.6953125 0.6796875 0.7140625 0.6546875 0.7640625 0.6578125 0.8328125 0.6734375 0.871875 0.696875 0.9015625 0.725 0.9203125
1 0.2921875 0.890625 0.315625 0.8703125 0.3171875 0.828125 0.290625 0.8015625 0.2375 0.796875 0.21875 0.809375 0.2125 0.8296875 0.21875 0.871875 0.25 0.89375 0.2703125 0.896875 0.2921875 0.890625
1 0.40625 0.2484375 0.4328125 0.2234375 0.4328125 0.1796875 0.409375 0.1578125 0.3546875 0.15 0.3375 0.1578125 0.3234375 0.178125 0.325 0.215625 0.35625 0.246875 0.378125 0.2515625 0.40625 0.2484375
1 0.684375 0.36875 0.7234375 0.36875 0.759375 0.340625 0.76875 0.303125 0.7671875 0.2859375 0.759375 0.259375 0.740625 0.24375 0.7265625 0.2375 0.6828125 0.2375 0.6515625 0.2609375 0.6453125 0.2734375 0.6453125 0.3234375 0.6734375 0.3625 0.684375 0.36875
1 0.5546875 0.4109375 0.55625 0.38125 0.5375 0.35625 0.4984375 0.353125 0.4828125 0.3640625 0.475 0.378125 0.4734375 0.4046875 0.4921875 0.434375 0.534375 0.434375 0.5546875 0.4109375
1 0.4890625 0.6078125 0.5078125 0.5828125 0.509375 0.5625 0.5015625 0.5390625 0.4828125 0.5265625 0.4625 0.521875 0.4359375 0.525 0.4171875 0.55 0.4171875 0.590625 0.4390625 0.6109375 0.465625 0.6140625 0.4890625 0.6078125
1 0.23125 0.2078125 0.2359375 0.1828125 0.2296875 0.165625 0.1921875 0.1609375 0.1828125 0.1765625 0.18125 0.1953125 0.190625 0.209375 0.215625 0.2140625 0.23125 0.2078125
1 0.434375 0.46875 0.4390625 0.434375 0.425 0.4203125 0.3953125 0.4140625 0.371875 0.43125 0.3703125 0.4578125 0.3875 0.4796875 0.4203125 0.4796875 0.434375 0.46875
1 0.3796875 0.3203125 0.3828125 0.2921875 0.36875 0.278125 0.3421875 0.2765625 0.3265625 0.2875 0.325 0.3125 0.3375 0.3265625 0.359375 0.33125 0.3796875 0.3203125
1 0.184375 0.3359375 0.190625 0.30625 0.1796875 0.2921875 0.146875 0.2921875 0.1375 0.303125 0.1359375 0.321875 0.1453125 0.3375 0.1765625 0.340625 0.184375 0.3359375
1 0.290625 0.246875 0.2921875 0.228125 0.284375 0.215625 0.2625 0.2125 0.2515625 0.21875 0.246875 0.2265625 0.2515625 0.2515625 0.278125 0.2546875 0.290625 0.246875
1 0.446875 0.9109375 0.45 0.8859375 0.44375 0.8796875 0.4125 0.8828125 0.4109375 0.9078125 0.41875 0.915625 0.4390625 0.9171875 0.446875 0.9109375
0 0.8453125 0.990625 0.93125 0.9796875 0.94375 0.9703125 0.94375 0.925 0.9515625 0.921875 0.965625 0.4546875 0.9796875 0.2171875 0.975 0.15 0.9578125 0.134375 0.940625 0.13125 0.215625 0.0984375 0.19375 0.1015625 0.1859375 0.15 0.1546875 0.146875 0.153125 0.0984375 0.134375 0.0984375 0.134375 0.14375 0.1140625 0.1640625 0.0875 0.1703125 0.084375 0.1828125 0.0796875 0.4234375 0.0625 0.7359375 0.0578125 0.9046875 0.0703125 0.934375 0.0890625 0.9453125 0.8453125 0.990625