1 0.8962919046875 0.742718353125 0.92083299375 0.707145740625 0.9133153171874999 0.6655159984375 0.9021950921874999 0.6494026078124999 0.8858390593750001 0.6432661625 0.8606493593750001 0.64277149375 0.8352123265625 0.6548716734375 0.8186042656250001 0.6911815984375 0.82661191875 0.7374731609375 0.8467291359375 0.7494987156249999 0.8796885375000001 0.7491767578124999 0.8962919046875 0.742718353125
1 0.619891365625 0.5345321109375 0.6080385203125 0.49650022812500005 0.581378890625 0.48202009375 0.5565158421875 0.48463330468750004 0.537457896875 0.4976341234375 0.52428436875 0.5367252765625 0.53343999375 0.564042903125 0.5614902390625 0.5768057703125 0.600175425 0.5711686859375 0.6144082234375 0.5571039046874999 0.619891365625 0.5345321109375
1 0.48738638125 0.6191587468749999 0.49262218906250005 0.6091818 0.4898456515625 0.5827648125 0.4826499359375 0.5740944734375 0.45508966875 0.5659934265625 0.43693235937499997 0.57261515625 0.42646074531249994 0.5925690484375 0.43111787343749997 0.621930590625 0.451235090625 0.633956146875 0.477488753125 0.6296256687499999 0.48738638125 0.6191587468749999
1 0.3306017203125 0.6372085843749999 0.3057386734375 0.639821796875 0.2949404078125 0.65666780625 0.2987809078125 0.6782596468750001 0.314072978125 0.6892212390625 0.337218759375 0.6852174140625 0.3466264109375 0.67008866875 0.3440131984375 0.645225621875 0.3306017203125 0.6372085843749999
1 0.2354753171875 0.7037666140625001 0.265905515625 0.6644328171875 0.26100574375 0.617814603125 0.23352948437499998 0.5955647671875 0.21750010312499998 0.592536203125 0.1914097671875 0.598420621875 0.171614509375 0.6193544671875 0.16506740312499998 0.646751409375 0.1688238953125 0.6824920390625 0.1933555984375 0.7066224671875 0.20938498125 0.7096510312500001 0.2354753171875 0.7037666140625001
1 0.667615771875 0.256143509375 0.6795526265625 0.280026603125 0.7201137125 0.30718559375 0.759942178125 0.31242609374999997 0.8304434859375001 0.29558946875 0.8324080859375 0.2843852328125 0.8493381046874999 0.28103470937499997 0.8589090828125 0.26745990625 0.8725678953125 0.26288209375 0.8938377765625001 0.22608219218749998 0.893273175 0.17586612031249999 0.8773324953125 0.12883724531250001 0.8549287171875 0.0950565234375 0.8052073140625 0.0704314265625 0.7689767062499999 0.069526096875 0.726446328125 0.083422859375 0.6862025093749999 0.11907478906249999 0.663131353125 0.16863286718749998 0.66034543125 0.20191891874999998 0.667615771875 0.256143509375
1 0.31060604999999997 0.37222207812499997 0.3414422171875 0.3516988921875 0.35191383125 0.3317450015625 0.3473407125 0.28823466875000003 0.3345032203125 0.2707306625 0.3076802640625 0.25469658906250003 0.25141175625 0.257468434375 0.232190484375 0.2689153109375 0.2173836984375 0.2924670609375 0.22121950781250002 0.343910421875 0.24624118906249998 0.3727026703125 0.2734748046875 0.3776958359375 0.31060604999999997 0.37222207812499997
1 0.232353359375 0.7936478250000001 0.2088809265625 0.7945437703125 0.1932575140625 0.81032581875 0.194153459375 0.8337982500000001 0.2016758265625 0.8455764718750001 0.230626709375 0.8519602515625 0.2457601453125 0.8315163828125 0.245517503125 0.8142597125 0.232353359375 0.7936478250000001
0 0.8600945921875001 0.0096738078125 0.50792409375 0.037261778125 0.2188118515625 0.0519376328125 0.11625178124999999 0.0627171296875 0.100138390625 0.07383735625 0.0933486421875 0.08397762812500001 0.09007274374999999 0.112601859375 0.0972449984375 0.2705298 0.11853319843750001 0.637502390625 0.130451284375 0.780791565625 0.1352717390625 0.8117070484375001 0.1402602125 0.8143249515625 0.1363310109375 0.8367334218750001 0.14630795624999998 0.8419692296875001 0.19603405000000002 0.83674280625 0.2097721796875 0.8478677234375 0.22408429531250001 0.8495056734374999 0.236511128125 0.8780505875 0.2255495359375 0.8933426578124999 0.21140074531250003 0.8932586484374999 0.2195717234375 0.9411041515624999 0.8708314109374999 0.9040761343750001 0.9562981359375 0.8950932187499999 0.980017903125 0.881602425 0.9887722515625 0.86025791875 0.9598405874999999 0.21128948281249998 0.9512730265625 0.0849303296875 0.9431020468750001 0.0370848265625 0.9314918453125 0.0163096140625 0.928785240625 0.065298396875 0.9364615484375 0.13833359843749998 0.9322897046874999 0.143485396875 0.8999677437500001 0.146882571875 0.8854288484374999 0.13112849843750002 0.8735060703125 0.017690843749999997 0.8600945921875001 0.0096738078125
1 0.43269527500000005 0.4725096640625 0.408816875 0.45459499843750006 0.37291291718749997 0.45679755 0.351890371875 0.48100260156249997 0.3558101890625 0.5182971734375 0.3812425296875 0.5360485140625 0.4154292203125 0.532455346875 0.4273707671875 0.5264869203125 0.43661509218749994 0.5098042359375 0.43269527500000005 0.4725096640625
1 0.43269527500000005 0.4725096640625 0.408816875 0.45459499843750006 0.37291291718749997 0.45679755 0.351890371875 0.48100260156249997 0.3558101890625 0.5182971734375 0.3812425296875 0.5360485140625 0.4154292203125 0.532455346875 0.4273707671875 0.5264869203125 0.43661509218749994 0.5098042359375 0.43269527500000005 0.4725096640625