1 0.19656987343750001 0.199332640625 0.1639658921875 0.1944946484375 0.14655662187500001 0.1982762015625 0.1167528921875 0.22957178437499998 0.1176656859375 0.2718650171875 0.1261283140625 0.2895196125 0.1413230265625 0.29813915468749996 0.1661252140625 0.3025682703125 0.1931419609375 0.2945962921875 0.215225671875 0.2613314765625 0.214558203125 0.21435716718750003 0.19656987343750001 0.199332640625
1 0.4121911359375 0.41403662968750005 0.39593335 0.42570174843749997 0.3869867078125 0.4471378953125 0.39274412812500004 0.4865557359375 0.4168103421875 0.50502808125 0.4417760796875 0.5063364796875 0.46263316718749997 0.49647704375 0.4817597109375 0.45992795937500003 0.47699022500000005 0.4315144046875 0.4512818765625 0.41452064375 0.4121911359375 0.41403662968750005
1 0.569119890625 0.3753215875 0.54251201875 0.3754917734375 0.5310988578125 0.3842815 0.5243667734375 0.39331655312499997 0.5229766 0.41984265 0.5287273859375 0.4295319015625 0.5546810578125 0.4418445859375 0.5736506859375 0.43814480937500005 0.5871148546875 0.42007470468749997 0.5871082203125 0.390346115625 0.569119890625 0.3753215875
1 0.6780930359374999 0.3559983203125 0.6767846375000001 0.3809640578125 0.68877685625 0.390980409375 0.7137425953125 0.392288809375 0.7270432140625 0.377339421875 0.7266277031249999 0.355412625 0.713238675 0.3421937828125 0.6897515203125 0.3425275171875 0.6780930359374999 0.3559983203125
1 0.8351919750000001 0.34389115000000003 0.8198337125 0.338392325 0.7931440656250001 0.34012286875000003 0.756935353125 0.37421206875 0.7544821046875 0.421022828125 0.77813944375 0.447296965625 0.7934977062499999 0.452795790625 0.8201873531249999 0.4510652484375 0.8430136734375001 0.43348579374999996 0.8537659984375001 0.40745034531249996 0.855646821875 0.371562096875 0.8351919750000001 0.34389115000000003
1 0.2870398234375 0.8017680875 0.2949985328125 0.76932765625 0.29630029687500004 0.7146333281249999 0.28824654375000003 0.689176940625 0.252433434375 0.65600716875 0.2139151171875 0.64460064375 0.1416479703125 0.65020115 0.13795482812499998 0.660960109375 0.1207091078125 0.66162094375 0.1091323984375 0.6735313890625 0.0949256203125 0.6759161312499999 0.068160834375 0.7089356234374999 0.060862959375000004 0.758621775 0.0692504484375 0.8075653171875 0.086093928125 0.844434865625 0.1313509640625 0.876534928125 0.1669938875 0.883096828125 0.21117457968750003 0.8760243734375001 0.2565001203125 0.8471068984375 0.2870398234375 0.8017680875
1 0.7307209296875 0.6654267125 0.7046037078125 0.6562347453124999 0.6670733249999999 0.6558325046875 0.6334062687500001 0.6712791765625 0.6199421015625 0.68934928125 0.6176524031249999 0.7330393234375 0.6275936140625 0.7523360515624999 0.651578053125 0.7723687546875 0.7075874140625 0.77843336875 0.7283627265625 0.7701342906249999 0.7466715203125001 0.7491887937499999 0.7509304515624999 0.697778734375 0.7307209296875 0.6654267125
1 0.802970328125 0.21233700937500002 0.8005104453125 0.22941917968749997 0.81028810625 0.25183662500000004 0.8336117109375 0.25462360781250004 0.85151163125 0.24147990468749997 0.8542986140625001 0.21815630000000003 0.8487113781250001 0.20534633124999999 0.821115571875 0.19451222968749998 0.802970328125 0.21233700937500002
0 0 0.9016730203125001 0.0084915046875 0.862272915625 0.0123349265625 0.788936059375 0.017261328125 0.7845003078125 0.0497167875 0.7862012265625 0.061612204687500005 0.8040357265625 0.055642634375 0.9179419078125 0.067634853125 0.9279582578125 0.41978525937500005 0.9558015453125 0.707633859375 0.98653349375 0.8106175296875 0.9919306390625 0.828272125 0.9834680109375 0.8365645671875 0.974514734375 0.8442779515625001 0.946755378125 0.8618993703125 0.7896498046875 0.8982804249999999 0.42386504687500004 0.9089244359374999 0.2804756015625 0.9089995765625 0.249186653125 0.90448205 0.2458206109375 0.911868334375 0.2243026890625 0.9028332812500001 0.21757060468749997 0.8529018046875001 0.2149538078125 0.841073134375 0.2018167390625 0.8271934562500001 0.197960046875 0.819385028125 0.1678225828125 0.8326038718750001 0.1544335546875 0.846565325 0.1567298875 0.84597963125 0.10819522031249999 0.19694557343750002 0.0428879 0.111125846875 0.0383902796875 0.085587684375 0.048004390625 0.0736021 0.067716628125 0.0006565375 0.71322109375 0 0.7205469875 0 0.9016730203125001
1 0.5758785140625 0.4852008921875 0.5641382546875 0.5002320546875 0.56217565625 0.5376806625 0.582957603125 0.5591101734375 0.6187640765625 0.56255135625 0.64331430625 0.541932959375 0.6452769046875 0.5044843515624999 0.6229345984375 0.482973065625 0.5886067078125 0.48117401718749997 0.5758785140625 0.4852008921875
1 0.5758785140625 0.4852008921875 0.5641382546875 0.5002320546875 0.56217565625 0.5376806625 0.582957603125 0.5591101734375 0.6187640765625 0.56255135625 0.64331430625 0.541932959375 0.6452769046875 0.5044843515624999 0.6229345984375 0.482973065625 0.5886067078125 0.48117401718749997 0.5758785140625 0.4852008921875