1 0.15625 0.3203125 0.1828125 0.3109375 0.203125 0.2765625 0.2 0.2296875 0.18125 0.215625 0.1484375 0.2125 0.13125 0.2171875 0.103125 0.25 0.10625 0.2921875 0.115625 0.309375 0.13125 0.3171875 0.15625 0.3203125
1 0.4625 0.4984375 0.4796875 0.4609375 0.4734375 0.4328125 0.446875 0.4171875 0.4078125 0.41875 0.3921875 0.43125 0.384375 0.453125 0.3921875 0.4921875 0.4171875 0.509375 0.4421875 0.509375 0.4625 0.4984375
1 0.5515625 0.4390625 0.5703125 0.434375 0.5828125 0.415625 0.58125 0.3859375 0.5625 0.371875 0.5359375 0.3734375 0.525 0.3828125 0.51875 0.3921875 0.51875 0.41875 0.525 0.428125 0.5515625 0.4390625
1 0.7203125 0.365625 0.71875 0.34375 0.7046875 0.33125 0.68125 0.3328125 0.6703125 0.346875 0.6703125 0.371875 0.6828125 0.38125 0.7078125 0.38125 0.7203125 0.365625
1 0.8171875 0.434375 0.8390625 0.415625 0.8484375 0.3890625 0.8484375 0.353125 0.8265625 0.3265625 0.8109375 0.321875 0.784375 0.325 0.75 0.3609375 0.75 0.4078125 0.775 0.4328125 0.790625 0.4375 0.8171875 0.434375
1 0.1515625 0.8953125 0.1875 0.9 0.23125 0.890625 0.275 0.859375 0.303125 0.8125 0.309375 0.7796875 0.3078125 0.725 0.2984375 0.7 0.2609375 0.66875 0.221875 0.659375 0.15 0.66875 0.146875 0.6796875 0.1296875 0.68125 0.11875 0.69375 0.1046875 0.696875 0.0796875 0.73125 0.075 0.78125 0.0859375 0.8296875 0.1046875 0.865625 0.1515625 0.8953125
1 0.721875 0.7671875 0.7421875 0.7578125 0.759375 0.7359375 0.7609375 0.684375 0.7390625 0.653125 0.7125 0.6453125 0.675 0.646875 0.6421875 0.6640625 0.6296875 0.6828125 0.6296875 0.7265625 0.640625 0.7453125 0.665625 0.7640625 0.721875 0.7671875
1 0.8375 0.2234375 0.8390625 0.2 0.8328125 0.1875 0.8046875 0.178125 0.7875 0.196875 0.7859375 0.2140625 0.796875 0.2359375 0.8203125 0.2375 0.8375 0.2234375
0 0.028125 0.8875 0.028125 0.8140625 0.0328125 0.809375 0.0653125 0.809375 0.078125 0.8265625 0.078125 0.940625 0.090625 0.95 0.44375 0.959375 0.7328125 0.975 0.8359375 0.975 0.853125 0.965625 0.8609375 0.95625 0.8671875 0.928125 0.8765625 0.7703125 0.89375 0.403125 0.896875 0.259375 0.8953125 0.228125 0.890625 0.225 0.896875 0.203125 0.8875 0.196875 0.8375 0.196875 0.825 0.184375 0.8109375 0.18125 0.8015625 0.1515625 0.8140625 0.1375 0.828125 0.1390625 0.825 0.090625 0.1734375 0.059375 0.0875 0.059375 0.0625 0.0703125 0.0515625 0.090625 0.0125 0.7390625 0.0078125 0.865625 0.0109375 0.9140625 0.0203125 0.9359375 0.028125 0.8875
1 0.6453125 0.534375 0.6453125 0.496875 0.621875 0.4765625 0.5875 0.4765625 0.575 0.48125 0.5640625 0.496875 0.5640625 0.534375 0.5859375 0.5546875 0.621875 0.55625 0.6453125 0.534375
1 0.6453125 0.534375 0.6453125 0.496875 0.621875 0.4765625 0.5875 0.4765625 0.575 0.48125 0.5640625 0.496875 0.5640625 0.534375 0.5859375 0.5546875 0.621875 0.55625 0.6453125 0.534375