1 0.34066755625 0.495999440625 0.3449159578125 0.5086554171875 0.3383971125 0.5162450359374999 0.339631478125 0.52566885625 0.31667919375000003 0.5561363921875 0.2507124578125 0.5647769499999999 0.21726558125 0.5823703890624999 0.2121446921875 0.5946991828125 0.299244371875 0.6524616046875 0.3308372125 0.6879608046875 0.44437414999999997 0.749773340625 0.46311272812500004 0.75042770625 0.48853374218749995 0.738807809375 0.5401193625 0.739045765625 0.572639221875 0.747998646875 0.5877639296875 0.762597884375 0.587436746875 0.7719671734375 0.6733764265625 0.7734048015625 0.7521082 0.7573927453125 0.78388446875 0.7428678734374999 0.811521396875 0.712563928125 0.8108868656249999 0.685963078125 0.8019538203125001 0.6731435109375 0.7756256234375 0.6659703 0.7257304484375 0.61732435 0.6526103359375 0.6069536765625 0.6158966078125 0.583783271875 0.525599465625 0.5728127640625 0.3776539390625 0.51136210625 0.35488508125 0.4918055703125 0.34066755625 0.495999440625
1 0.750288859375 0.8542632625 0.7511415125 0.87461791875 0.7228155234375 0.8798825640624999 0.71936524375 0.8891427921874999 0.773781471875 0.9426369781249999 0.78454871875 0.9477033359375 0.8220804046874999 0.94745051875 0.858704909375 0.9284045937500001 0.8613025359375 0.8987897078125 0.8569450734374999 0.889256828125 0.82304709375 0.8302253453124999 0.804744759375 0.81707859375 0.7675402546875 0.807962121875 0.6639873015625 0.8184170453125 0.663496528125 0.832470978125 0.670868025 0.8452360171875 0.7286453078124999 0.84725364375 0.750288859375 0.8542632625
1 0.9111085515624999 0.4127318203125 0.9165020921875 0.39259528593750004 0.9091851249999999 0.3782687 0.8520076781249999 0.3590740421875 0.784697515625 0.3614138765625 0.7336918953125 0.3893383171875 0.7348172 0.4018852328125 0.753119534375 0.415031984375 0.808899025 0.429487465625 0.868346915625 0.42843652812500005 0.9111085515624999 0.4127318203125
1 0.3058128375 0.2852796640625 0.347429334375 0.30236746875 0.4117254609375 0.2967954765625 0.42024209843750004 0.276768003125 0.4753870578125 0.2646226359375 0.5058199 0.2437970390625 0.5189121203125 0.227056253125 0.510871396875 0.14391248750000002 0.5036089609375 0.128024353125 0.462864953125 0.085951778125 0.4197414390625 0.0672478953125 0.3590046515625 0.0604365625 0.29917504687499996 0.0724183390625 0.24628069687499998 0.1096575375 0.22289216875 0.152617459375 0.2210381328125 0.2057100984375 0.3058128375 0.2852796640625
1 0.0482664515625 0.273159040625 0.009009625 0.278041971875 0.0021933171875 0.47323549375 0.004785968749999999 0.5780773421875 0.059385625 0.58154745625 0.10833892187500001 0.56762241875 0.121103959375 0.560250921875 0.1507932109375 0.5159475734375001 0.17993715625 0.48725970625 0.232286203125 0.4656359890625 0.2643351234375 0.44330337656249996 0.2633188796875 0.4276333640625 0.2402228390625 0.41744611875000004 0.22791388124999998 0.366985803125 0.1694475375 0.339928875 0.1210593796875 0.292899003125 0.0961836703125 0.28890341875000003 0.09434947031249999 0.2966566296875 0.06311850625 0.2955660203125 0.0589791671875 0.279786946875 0.0482664515625 0.273159040625
1 0 0.7640616375 0.01966774375 0.778718934375 0.0881577421875 0.7873644671875 0.1416866234375 0.7767261171875 0.175351621875 0.7528864859375 0.1744989703125 0.7325318296875001 0.1547441484375 0.7162074515625 0.10025355312499999 0.7096142421875 0.026424546875 0.7195436953125001 0.000839940625 0.7358482375000001 0 0.74333800625 0 0.7640616375
1 0.6046832328125 0.36763525937499997 0.6307040828125 0.33883833124999996 0.6329745265625 0.3185927359375 0.61505390625 0.29451514687499997 0.5750534890625 0.275920325 0.5376308625 0.273050046875 0.4916370703125 0.2917687890625 0.470771803125 0.3520148015625 0.47814330156249996 0.3647798390625 0.4949931484375 0.3747489640625 0.541566940625 0.38419261875 0.6046832328125 0.36763525937499997
1 0.1625024 0.0910974109375 0.163156765625 0.0723588328125 0.15115515468750002 0.05786865625 0.0768552078125 0.036512615625 0.026722075 0.0394522859375 0.0164802984375 0.06410987343749999 0.0164059328125 0.1110108484375 0.023941021875 0.1190912421875 0.1065394828125 0.12666600156250002 0.1524787453125 0.10950880625 0.1625024 0.0910974109375
1 0.756455778125 0.5433515859375 0.7708368937500001 0.534473071875 0.7759032515625 0.523705825 0.7781736953125 0.5034602296874999 0.7710748515625 0.4828874515625 0.735704546875 0.46601776875 0.6639278625 0.46194782031250003 0.6417935359375 0.468992134375 0.63176988125 0.4874035296875 0.630679271875 0.5186344921875 0.653448128125 0.538191028125 0.6876385968750001 0.5440753421875 0.756455778125 0.5433515859375
1 0.45551322499999997 0.520334821875 0.5020324875 0.531340025 0.55835728125 0.530180025 0.583778296875 0.5185601265625001 0.5903516718749999 0.509408959375 0.59385648125 0.49858718281250003 0.586866696875 0.4748913078125 0.5656048578124999 0.45695085156250004 0.5345920171875 0.44961405 0.49538972187499997 0.4529354328125 0.4542986953125 0.46557157499999996 0.43980851718749997 0.4775731859375 0.436249178125 0.4899565109375 0.43888150000000004 0.5041195046875 0.45551322499999997 0.520334821875
1 0.6445002234375 0.436254153125 0.649784703125 0.41924071406249996 0.6439747546875 0.4065302078125 0.6040288671875 0.3863738375 0.5601964578125 0.38797008125 0.542746775 0.39517798593750003 0.5297090859375 0.41035722343750003 0.5383149484375 0.43254608125000005 0.5722327640625 0.44623813749999997 0.614340034375 0.4492720078125 0.6445002234375 0.436254153125
1 0.8729026640624999 0.4770626421875 0.8653675765625 0.46898225 0.8437240234375001 0.4619726296875 0.8155070953125 0.464114178125 0.7961141515625 0.482198390625 0.8001989609375 0.4995390125 0.8264726281250001 0.5082737703125 0.8564146953125 0.5015021078124999 0.8709048718749999 0.489500496875 0.8729026640624999 0.4770626421875
1 0.815318759375 0.15610747656249999 0.776225525 0.1563057625 0.7585577203125 0.1697598609375 0.762588 0.1886620296875 0.7872455875 0.19890380624999998 0.8186401421875 0.195309771875 0.8314597109375 0.18637672656249998 0.8321140765624999 0.1676381484375 0.815318759375 0.15610747656249999
1 0 0.90591778125 0.0106206625 0.9034791953125 0.0447219046875 0.8671471796875 0.04699235 0.8469015843750001 0.034936207812499995 0.8339729546875001 0 0.8228621781250001 0 0.90591778125
1 0.373122934375 0.7754273375 0.333811578125 0.7818718171875 0.3223899671875 0.7955440359375 0.329597871875 0.8129937187499999 0.3527484421875 0.8216194171875 0.390334659375 0.8198050515625 0.40950948125000003 0.8079670312499999 0.40704075 0.7891193921874999 0.373122934375 0.7754273375
1 0.5700516125 0.01621255625 0.5060826671875 0.0124152578125 0.49649525624999996 0.01833426875 0.4975115 0.034004281250000004 0.5142522859375 0.0470965015625 0.5438671703125 0.049694128125 0.566001496875 0.0426498140625 0.57569796875 0.0336077078125 0.5700516125 0.01621255625
1 0.7441716296875 0.31309510937499996 0.7098175703125 0.3118954390625 0.6938203749999999 0.32228097187500004 0.6934931921875 0.3316502609375 0.7056038640625 0.3430173421875 0.7414649421874999 0.345833090625 0.7542299796874999 0.33846159375 0.75778931875 0.32607826875 0.7441716296875 0.31309510937499996
1 0.490764515625 0.8092410671874999 0.45490343906249997 0.80642531875 0.4308258515625 0.8243459390625001 0.4317875640625 0.8415775 0.45014442812500005 0.853162703125 0.48282787968749996 0.8574309390625 0.501839109375 0.8502775640625 0.5083579546875 0.8426879453125 0.490764515625 0.8092410671874999
1 0.603865209375 0.8835459890624999 0.5822761875 0.874974821875 0.5523886515624999 0.8801849359375 0.55011820625 0.9004305312499999 0.5559826859375 0.9115794906250001 0.5808583953124999 0.9155750749999999 0.604499740625 0.9101468390624999 0.60983875 0.8915718515625001 0.603865209375 0.8835459890624999
1 0.673103840625 0.28872503437499997 0.65431073125 0.2896322171875 0.6399296156250001 0.29851073125 0.645685034375 0.3127827859375 0.6611369234375 0.3180127359375 0.6830531296875 0.3172146140625 0.6926950703125 0.30973405625 0.6930767828125 0.29880321875 0.673103840625 0.28872503437499997
1 0.2755038515625 0.884586978125 0.261122734375 0.8934654921874999 0.2650984828125 0.9139292093750001 0.291590271875 0.9164177765625 0.3058623265625 0.9106623578124999 0.3063531015625 0.8966084234375 0.2973109953125 0.8869119515625 0.2755038515625 0.884586978125
1 0.69725579375 0.22390343750000002 0.684763409375 0.22346719375 0.66408156875 0.233689134375 0.6637543859374999 0.2430584234375 0.6774811374999999 0.2529184875 0.700958890625 0.2521748953125 0.7121623796875001 0.24474886875 0.7125986234374999 0.2322564828125 0.69725579375 0.22390343750000002
1 0.5014376265625 0.4140603203125 0.47171368124999996 0.4145857890625 0.458785053125 0.42664193125 0.46158096562499995 0.43612028125 0.4862385546875 0.4463620578125 0.5050316625 0.445454875 0.519412778125 0.43657636093749996 0.521356040625 0.42570005312500003 0.5014376265625 0.4140603203125
1 0.4655418546875 0.3674666921875 0.44992637343749997 0.36692138750000003 0.4323131 0.37881393750000003 0.43187685625 0.3913063234375 0.44102802343749997 0.39787969843750004 0.46751981093749995 0.4003682640625 0.483353415625 0.3946673765625 0.4854602671875 0.37910642499999997 0.4655418546875 0.3674666921875
1 0.82018185625 0.2407037296875 0.7905124406249999 0.23966764999999998 0.7792544203125 0.2486552265625 0.78032519375 0.262763690625 0.7925994578125 0.2694461265625 0.81596815 0.27182563125 0.8287877187499999 0.2628925859375 0.8307309796875 0.2520162796875 0.82018185625 0.2407037296875
1 0.5670524359375 0.10209770468749998 0.527850140625 0.1054190875 0.5054431625 0.12027114375 0.5096370328125001 0.13448866718750002 0.5219112953125 0.1411711046875 0.546950596875 0.14048204375 0.5755492375 0.1274096578125 0.577710621875 0.110287159375 0.5670524359375 0.10209770468749998
1 0.11632511406249998 0.6523277328125 0.083478071875 0.6527441421875 0.0626326421875 0.667650728125 0.069895078125 0.6835388609375 0.0914841 0.6921100296875 0.11803041875 0.693037046875 0.137150709375 0.682760575 0.136188996875 0.665529015625 0.11632511406249998 0.6523277328125
1 0 0.7216684109375 0.0361210171875 0.7105015890625 0.038118809375 0.698063734375 0.030583721874999997 0.689983340625 0 0.685989315625 0 0.7216684109375
1 0.8981600875 0.4701273890625 0.9116687156250001 0.48623364531249996 0.9369261390625001 0.4792983921875 0.9358008343750001 0.46675147499999997 0.9203489453125 0.4615215265625 0.90624048125 0.4625923 0.8981600875 0.4701273890625
1 0.45261315937499996 0.8720103421875001 0.45066989843750005 0.8828866484375 0.4582595171875 0.88940549375 0.4738749984375 0.8899507984374999 0.4992960125 0.8783308999999999 0.49817070937499996 0.865783984375 0.47017190312499996 0.8616793390625 0.45261315937499996 0.8720103421875001
1 0.15528951875000002 0.2081044625 0.14403149843750002 0.21709203906250002 0.1467728828125 0.22813193593749997 0.1621157109375 0.23648498281250002 0.1856479953125 0.23417984218750001 0.1938374484375 0.22352165781250002 0.178767271875 0.20736087187500002 0.15528951875000002 0.2081044625
1 0.488251271875 0.0305540015625 0.4729084421875 0.02220095625 0.452281134375 0.030861348437500002 0.4440916796875 0.041519534375 0.45135411562499994 0.0574076671875 0.4715997109375 0.059678112500000005 0.4889948640625 0.0540317546875 0.492554203125 0.0416484296875 0.488251271875 0.0305540015625
0 0.0202776609375 0 0 0.554809675 0 0.97033676875 0.012960496875 0.9707893593750001 0.01646530625 0.9599675828124999 0.10708963125 0.9615688015625 0.1761249328125 0.954598853125 0.333459584375 0.9710372671874999 0.396085103125 0.968533840625 0.399371790625 0.96395825625 0.411700584375 0.9690791453125 0.42961573125 0.963450946875 0.4959696546875 0.9735853390625 0.561554678125 0.9758756171874999 0.5945653109375 0.970774565625 0.6337811640625 1 0.7477107765625 1 0.750229353125 0.9902815453124999 0.7810234078125 0.9757223734375 0.9537759203125 0.9817550234375 0.9832272140624999 0.9890372953125001 1 0.5087275484375 1 0.028291035937499997 0.9995864187500001 0.0280853375 0.114379959375 0 0.0202776609375 0