1 0.5618067828125 0.401422521875 0.5660625546875 0.4132791578125 0.577105215625 0.41363967187500006 0.58425261875 0.3911008921875 0.5753805609375 0.3784302796875 0.5663301234375 0.3847674640625 0.5618067828125 0.401422521875
1 0.6978384203125 0.331798928125 0.7044469296875 0.339310603125 0.7132260406250001 0.33451218125 0.7157571578125 0.311159425 0.7073385609375 0.3049151859375 0.6995555609374999 0.3130624578125 0.6978384203125 0.331798928125
1 0.2321511765625 0.354401571875 0.2356821609375 0.361370596875 0.245457384375 0.359921025 0.249980725 0.343265965625 0.24237610312500002 0.3324054421875 0.2351357546875 0.33747518906249996 0.2321511765625 0.354401571875
1 0.67911321875 0.41100058281249996 0.682097796875 0.39407420000000004 0.673950525 0.3862912 0.665264359375 0.40855865468749997 0.6703341078125 0.4157990046875 0.67911321875 0.41100058281249996
1 0.565166903125 0.48134520625 0.56842280625 0.4628800609375 0.561542971875 0.456907146875 0.5524033453125 0.4727482296875 0.5553916796875 0.482794778125 0.565166903125 0.48134520625
1 0.3526168125 0.301072521875 0.357415234375 0.309851634375 0.3661943453125 0.3050532125 0.36990371093749996 0.29301444062500004 0.3628417390625 0.2790763921875 0.355601390625 0.2841461390625 0.3526168125 0.301072521875
1 0.242899971875 0.194463259375 0.23756265468749999 0.21573460312499998 0.24706655312499998 0.2158237921875 0.25032245625 0.197358646875 0.242899971875 0.194463259375
1 0.695236896875 0.49952024218749996 0.6994926671874999 0.511376878125 0.707729128125 0.50965598125 0.71225246875 0.4930009234375 0.707182721875 0.4857605734375 0.6986749359375 0.48902023281250007 0.695236896875 0.49952024218749996
1 0.181728784375 0.30743224687500004 0.18625588125 0.3177501203125 0.1942210171875 0.317567984375 0.19901568281249998 0.2993741640625 0.1939459359375 0.292133815625 0.1872482359375 0.2941260375 0.181728784375 0.30743224687500004
1 0.739392509375 0.393070575 0.744187175 0.3748767546875 0.7373073406249999 0.3689038421875 0.7281677140625 0.3847449234375 0.7298886125 0.3929813859375 0.739392509375 0.393070575
1 0.17430254218750002 0.2775639265625 0.167244328125 0.290598809375 0.175662925 0.29684304687499996 0.179643615625 0.2832655140625 0.17430254218750002 0.2775639265625
1 0.5581790953125 0.35001153125 0.55211699375 0.3663952640625 0.561078240625 0.369561978125 0.56406281875 0.3526355953125 0.5581790953125 0.35001153125
0 0.4402821421875 0.6497171421875 0.5832978296875 0.6844542921875 0.6006776734375 0.69386524375 0.636069203125 0.700105725 0.6782476203125001 0.694850084375 0.7102865421875 0.6751137468749999 0.745488421875 0.619443228125 0.7815934671875 0.5496525265625001 0.80891564375 0.45768731406249996 0.8221213921875 0.39179186875 0.8288970109375 0.2993769515625 0.8212736078124999 0.15365176875 0.7791806234374999 0.122430578125 0.6435874218750001 0.09058881875 0.54945160625 0.0755767390625 0.535517315625 0.10961164062499999 0.45872850468750004 0.5181083875 0.439193084375 0.628899259375 0.4402821421875 0.6497171421875
0 0.0919492015625 0.3756917 0.10075085312500001 0.5327308687500001 0.1457429828125 0.5835025046875 0.1718127484375 0.5976189328125 0.2171616359375 0.6103749781250001 0.2982625671875 0.61832884375 0.3523013765625 0.6357903640625 0.3718518234375 0.63289121875 0.3871427421875 0.59116250625 0.4826529953125 0.0764911734375 0.4651839625 0.0765841203125 0.45269172968750004 0.06644838125 0.45404835625000006 0.058754571874999995 0.423090978125 0.0453629296875 0.21074180625 0.0079200421875 0.15771413437499998 0.101699096875 0.12333374374999999 0.20669919218750002 0.099542553125 0.30563342968749996 0.0919492015625 0.3756917