1 0.5483016828125 0.597732865625 0.5418617484375 0.608559621875 0.5431240484375001 0.6257717734375 0.5507990109375 0.6337194312500001 0.56192573125 0.6229744828125 0.5592102484375 0.5994860140625 0.5483016828125 0.597732865625
1 0.6700296812500001 0.6967473921875 0.66210929375 0.70286009375 0.6602197984375 0.72157996875 0.6663052296875 0.73106261875 0.6757606109375 0.7265394484375001 0.6777319140625 0.7031327875 0.6700296812500001 0.6967473921875
1 0.21408668749999998 0.5856481687499999 0.2092908234375 0.591815409375 0.20899086093750002 0.6090002921875 0.21513083125 0.6153584171875 0.22466801875 0.6061484609375001 0.2234057203125 0.588936309375 0.21408668749999998 0.5856481687499999
1 0.6511382828125 0.615155265625 0.64478015625 0.6212952359374999 0.6490579015625 0.6448109750000001 0.6585405515625 0.6387255421875 0.658840515625 0.6215406609375 0.6511382828125 0.615155265625
1 0.5510910671875 0.52745834375 0.546240665625 0.5367501078125 0.5521897499999999 0.5540440671875 0.56008286875 0.549493628125 0.5604101 0.530746484375 0.5510910671875 0.52745834375
1 0.3237529 0.6594483484375 0.3173675046875 0.66715058125 0.317067540625 0.6843354640625 0.3232075109375 0.6906935890625 0.3327992390625 0.678359109375 0.33145513125 0.66583374375 0.3237529 0.6594483484375
1 0.1881439734375 0.728967234375 0.1893244640625 0.750866171875 0.19716304375 0.7494402578125 0.1974902765625 0.7306931125 0.1881439734375 0.728967234375
1 0.6979982359375 0.5268971421875001 0.691558303125 0.5377238984375 0.692929678125 0.548687003125 0.70065918125 0.5535101359375 0.70701730625 0.5473701656250001 0.7057550078125 0.5301580125 0.6979982359375 0.5268971421875001
1 0.157245328125 0.6190362359375 0.1508326640625 0.62830073125 0.15371176250000002 0.642415628125 0.159906271875 0.6456492296875 0.16626439843750002 0.6395092578125 0.16502936875000002 0.6207348453125 0.157245328125 0.6190362359375
1 0.705244796875 0.648917196875 0.7019839250000001 0.6566739671875 0.7079330109375 0.673967928125 0.715826128125 0.6694174890625 0.7145910984375 0.650643075 0.705244796875 0.648917196875
1 0.13340235625000002 0.642061125 0.13784371875 0.6562032921875 0.144174575 0.6516255828124999 0.1428577375 0.63753795625 0.13340235625000002 0.642061125
1 0.5256664718749999 0.64109443125 0.5284910328125 0.6583338515625 0.53476735 0.6568806671874999 0.5350673140625 0.6396957859375 0.5256664718749999 0.64109443125
0 0.78589395 0.504990296875 0.76376895 0.42959267968750003 0.7398362640625 0.36822815000000003 0.7121518578125 0.342741109375 0.6717512 0.329534009375 0.6358191734374999 0.3289068125 0.6169629515625 0.334828628125 0.4699467046875 0.341638878125 0.4649054171875 0.36186647656250004 0.462942021875 0.47434934218749997 0.46037515156250003 0.8899928484374999 0.467559265625 0.926061221875 0.5628299796875 0.9292869171874999 0.7020076468750001 0.9239025812499999 0.7492845484374999 0.9012867328124999 0.7845735640625 0.759693546875 0.7955560312500001 0.667683703125 0.7951663515625 0.6004791671875 0.78589395 0.504990296875
0 0.39956310625 0.3450985421875 0.38092503906249997 0.3385222609375 0.324547259375 0.34535187343749996 0.24341871249999997 0.3376848171875 0.19646904375000002 0.341553521875 0.1681847109375 0.3504362453125 0.114331528125 0.3916901609375 0.0757271015625 0.5441646437500001 0.06981319375 0.6143846265625 0.07428973125 0.7160407359375001 0.0880034953125 0.8256717703125 0.1221630109375 0.9278459984375 0.3377551703125 0.9316091734375 0.3706990203125 0.9243705203125 0.3708353671875 0.9165592109375 0.385032071875 0.908993325 0.402162415625 0.9124178125 0.40661087343749996 0.38897822656250003 0.39956310625 0.3450985421875