1 0.7055548015625 0.53300770625 0.71330906875 0.5320556015625 0.720519559375 0.5138536890625 0.7130381734375 0.478564903125 0.7027809484375 0.4719531625 0.6903466359375 0.4860737765625 0.6964675890625001 0.5231038359375 0.7055548015625 0.53300770625
1 0.719571425 0.32663624687500004 0.7300465578125 0.32220159531250003 0.7345361828125 0.30748223124999996 0.7309181875 0.2780160171875 0.716226309375 0.26092914375 0.702621984375 0.27834188593750003 0.7064304015625 0.309358953125 0.719571425 0.32663624687500004
1 0.8884475374999999 0.4711954484375 0.8981609859375 0.4605573828125 0.8968555265625 0.43710416093750004 0.88583661875 0.42428900625 0.8730214640625 0.43530791406249997 0.8779998921875001 0.463032853125 0.8884475374999999 0.4711954484375
1 0.8304142265625 0.421648615625 0.8436102234374999 0.41373141406249997 0.8438556171875 0.3900877734375 0.832075025 0.37106920468750004 0.8204298812499999 0.378795984375 0.820946171875 0.408643040625 0.8304142265625 0.421648615625
1 0.288871990625 0.2677488671875 0.29121201406249997 0.2611646125 0.289117384375 0.24410522499999998 0.2819618671875 0.2371126421875 0.273799271875 0.24756028749999998 0.27744475468749996 0.264429253125 0.288871990625 0.2677488671875
1 0.1830861078125 0.3421328703125 0.191819965625 0.336337784375 0.1903240859375 0.3113337109375 0.1816177140625 0.3045315484375 0.17443471093750001 0.3101362125 0.1755497484375 0.3320385796875 0.1830861078125 0.3421328703125
1 0.11144648593749999 0.3997303671875 0.11397693125 0.394696965625 0.1082093328125 0.373365859375 0.099285053125 0.37761009218749997 0.10486223125000001 0.39739034375000004 0.11144648593749999 0.3997303671875
1 0.9146196390625001 0.5561390281249999 0.9069203453125001 0.5318966374999999 0.898567328125 0.5407934296875 0.9025936531250001 0.5607641015625 0.9146196390625001 0.5561390281249999
1 0.627637246875 0.270232278125 0.631337703125 0.26190674999999997 0.6276922203125 0.24503778281250002 0.6191762703125 0.2397864734375 0.613734540625 0.2467515703125 0.6179512859375 0.268273096875 0.627637246875 0.270232278125
0 0.08877647968749999 0.6638367546875 0.092013634375 0.6902012625 0.11133058437500001 0.7193141203125 0.17801529375 0.8008576109375 0.2034002109375 0.8024634374999999 0.4798604375 0.7590729859375 0.4947977078125 0.7525162171875001 0.497546059375 0.7364364218749999 0.4279874765625 0.1955694390625 0.41784019843750003 0.13856870625 0.40780088125 0.12091057031250001 0.38396681875 0.11911432343749999 0.1641264828125 0.149255790625 0.047594573437499996 0.1745837484375 0.03477941875 0.18560265625 0.06600843749999999 0.4399426078125 0.0598854984375 0.49264413593749995 0.0632306140625 0.5583512390625 0.0802605296875 0.6585854453125 0.08877647968749999 0.6638367546875
0 0.60278618125 0.7345341984375 0.937988415625 0.6823569 0.9957783171875001 0.6658157874999999 0.987319325 0.5456383953125 0.9686305953125001 0.4062520140625 0.9476823171875 0.32538973125 0.9301066406249999 0.2976373046875 0.900591409375 0.057255034375 0.8942250609375 0.0438686171875 0.8748531375 0.039950253125 0.806615590625 0.048328770312500005 0.5470243296875 0.088073740625 0.5245232125 0.097133465625 0.5184827328125 0.11204325 0.5193798640625 0.1449920125 0.5439716406249999 0.3324548484375 0.60278618125 0.7345341984375