1 0.68987310625 0.48066130625000003 0.7045705328125 0.49240820156250004 0.713523809375 0.48411575781250005 0.714763703125 0.44806395937500004 0.7045020281250001 0.43139066406250004 0.696700234375 0.43179953906249996 0.6894708656249999 0.4431309234375 0.68987310625 0.48066130625000003
1 0.7380342296875 0.6831056906249999 0.754455565625 0.697891528125 0.765957134375 0.678513025 0.7644034109375 0.6488662109375001 0.7574260015625 0.6351500828125001 0.7463399421875 0.6326017890625 0.7363987296875 0.65189851875 0.7380342296875 0.6831056906249999
1 0.89312196875 0.5075609484375 0.901748146875 0.49302707031250004 0.8989611640625 0.469703465625 0.8875480046875 0.46091373750000003 0.8786765015625001 0.47076653906250004 0.8785880921875 0.49893477031250005 0.89312196875 0.5075609484375
1 0.8494186578124999 0.569307825 0.8577177359375 0.5485325125 0.85337039375 0.5252906828125 0.8390000656250001 0.519785221875 0.831934246875 0.534237325 0.8366086890625001 0.5637205890625 0.8494186578124999 0.569307825
1 0.3309242671875 0.7967554328124999 0.3367568265625 0.7886265406249999 0.335857303125 0.7714625953125 0.3324094859375 0.7653847109374999 0.32173229999999997 0.7706382109375001 0.321071465625 0.78788393125 0.3309242671875 0.7967554328124999
1 0.220397396875 0.74778535 0.227790315625 0.7395746828124999 0.22492155937499997 0.71469071875 0.21531408124999998 0.71050029375 0.20964507187499998 0.721749903125 0.2123502796875 0.74351315 0.220397396875 0.74778535
1 0.13812716875 0.6707354484375 0.1347611265625 0.6662179218750001 0.1286832421875 0.6696657390625 0.12662559843750001 0.6901139515625 0.1361513 0.69274401875 0.13812716875 0.6707354484375
1 0.8859257749999999 0.3702493875 0.885428490625 0.3906158234375 0.8951995171875 0.3979269671875 0.89857219375 0.37271590468750004 0.8859257749999999 0.3702493875
1 0.6625513203125 0.73556555625 0.6700260124999999 0.728915246875 0.670686846875 0.7116695265625 0.665596896875 0.7041130578125 0.6563982953124999 0.707724425 0.6559827859375 0.7296512203125001 0.6625513203125 0.73556555625
0 0.4750297828125 0.8893404171875 0.4818502765625 0.8702072390625 0.48194532187499994 0.8123104187499999 0.45652658749999997 0.2675817015625 0.4510277625 0.2522234390625 0.43517884999999995 0.24836011249999998 0.155384003125 0.2536356734375 0.1306635890625 0.2596251484375 0.07915185 0.3515094890625 0.0651837609375 0.38353441093749996 0.0665739359375 0.41006050937499994 0.0590992421875 0.4167108171875 0.059733535937500006 0.5183794546875 0.067849159375 0.58366919375 0.0830306015625 0.6345068296874999 0.09644169062499999 0.8904056468749999 0.11097556718749998 0.899031825 0.23013525 0.903739440625 0.45186972656249996 0.8952481171875 0.4750297828125 0.8893404171875
0 0.9713873828124999 0.8664567062499999 0.9587122671874999 0.624601115625 0.9712017718749999 0.594218328125 0.9777902109375001 0.5109468953125 0.9719908265624999 0.3704328421875 0.9594527218750001 0.25061232499999997 0.8996684437500001 0.24435762031250002 0.5604981921875 0.2511802703125 0.5723975218749999 0.65736416875 0.58073193125 0.8462493406249999 0.585569921875 0.8788533218750001 0.5941076890625 0.8924876749999999 0.61784016875 0.8975024859375 0.8803892953125001 0.891566090625 0.9490450765625 0.88796799375 0.96744228125 0.880745259375 0.9713873828124999 0.8664567062499999