1 0.81334228125 0.6034097093749999 0.786008834375 0.59236329375 0.7603033390625 0.5905494484375 0.709795515625 0.6010419453125 0.6666172296874999 0.6261080875 0.656477734375 0.6405887859375 0.6593693671875 0.674984203125 0.6802726828125001 0.712550090625 0.7012689453125 0.7326469437500001 0.71647443125 0.7378988265624999 0.779835003125 0.728313253125 0.8112458421875001 0.7084952375 0.8309821812499999 0.6764563156250001 0.8354200875 0.65663454375 0.82890828125 0.619704253125 0.81334228125 0.6034097093749999
1 0.3590469421875 0.67240800625 0.33397704375 0.656202653125 0.3032018015625 0.6616291578125 0.291884059375 0.68742384375 0.30626805625000003 0.742005303125 0.3259039359375 0.781381278125 0.3600242703125 0.803923815625 0.376404246875 0.8248346453125001 0.3681640296875 0.8500866796875 0.3539508984375 0.868458878125 0.357749453125 0.8900015484375 0.3809200734375 0.8954355671875 0.4212921609375 0.8724508375 0.434691315625 0.849462353125 0.43007878593750004 0.823303396875 0.3590469421875 0.67240800625
1 0.30577799843750003 0.361306734375 0.275909678125 0.3538804921875 0.24124293593749999 0.35523336250000004 0.1610339 0.4582262078125 0.14772769218749998 0.46374565937499995 0.14754555625000002 0.4717107953125 0.20701087187499997 0.48502451718749995 0.271007040625 0.4610474328125 0.3497552328125 0.44874860625 0.360169809375 0.4088337375 0.3525689453125 0.3927213296875 0.30577799843750003 0.361306734375
1 0.6490073828125 0.3372780265625 0.6273755234375 0.33157268281249996 0.6162436734375001 0.3224293 0.6025807078125001 0.28993315937499997 0.5785961109375 0.27988285468749996 0.556510790625 0.280603884375 0.538134834375 0.2933636859375 0.523646621875 0.3371700546875 0.5378484828125 0.39971665 0.554228459375 0.4206274796875 0.57305411875 0.4284142375 0.5984882890625001 0.42868931874999994 0.657414709375 0.411952584375 0.670360403125 0.395390471875 0.6732595484375 0.37584002656250004 0.6673795828125 0.3514911578125 0.6490073828125 0.3372780265625
1 0.130467090625 0.2668770546875 0.1110950234375 0.28298570624999997 0.1098238296875 0.31176872499999997 0.12801389218749998 0.333946990625 0.1534480625 0.3342220734375 0.1656689703125 0.32254757343749996 0.1666688375 0.2922257921875 0.1564439109375 0.2702296609375 0.130467090625 0.2668770546875
1 0.7913057968749999 0.2534826265625 0.7620693171874999 0.25863780625 0.7526546078125 0.26823089375000003 0.7469492640625 0.289862753125 0.75518196875 0.3185565828125 0.781247978125 0.3314130875 0.806864284375 0.3237230328125 0.8197207875 0.2976570234375 0.8145656078125001 0.26842054375 0.7913057968749999 0.2534826265625
1 0.7375308 0.32642877187499997 0.7141780421874999 0.3289598890625 0.703767221875 0.3419018265625 0.7083797515625 0.3680607828125 0.725395325 0.374580103125 0.7423217078125 0.371595525 0.7537286390625 0.35530473749999997 0.7510153875000001 0.3399171171875 0.7375308 0.32642877187499997
1 0.178101096875 0.74397874375 0.1642522375 0.7464206703125 0.14895380625000001 0.7586378218750001 0.14225235 0.7836185296875 0.153019928125 0.808692184375 0.1697641765625 0.8136727421875 0.1994541171875 0.8020911890625 0.20488813593750002 0.7789205671875 0.1998221453125 0.7591879859375 0.178101096875 0.74397874375
1 0.257737428125 0.8536918281249999 0.2282296234375 0.8573082453125 0.20550870625 0.8724207843749999 0.2021561 0.8983976046875 0.22604775156249998 0.9259169437500001 0.2443307609375 0.9306261765625001 0.2658734296875 0.9268276234374999 0.2839780609375 0.912529059375 0.28796250625 0.8991336609375 0.2830786515625 0.8714359437500001 0.257737428125 0.8536918281249999
1 0.66442784375 0.7486626484375 0.650125525 0.75753095 0.6490364671875 0.7783488328125 0.6646024671874999 0.7946433765625 0.6815288500000001 0.7916587984375 0.6891334703124999 0.7807982734375 0.682439528125 0.75183311875 0.66442784375 0.7486626484375
1 0.43420125781249996 0.46876378281250003 0.4167322234375 0.46867083750000005 0.4032438796875 0.482155425 0.40441837031250005 0.497814371875 0.4158215453125 0.5084965171875 0.4389029765625 0.5044266375 0.44831768437499997 0.49483354999999996 0.44506178125 0.4763684046875 0.43420125781249996 0.46876378281250003
1 0.5790082484375 0.5701587296875 0.565702040625 0.5756781828124999 0.56017883125 0.5893449046875 0.5633455453125 0.598306153125 0.57728359375 0.6053681234375 0.5921285640625 0.5995773468750001 0.5969269859375 0.590798234375 0.590864884375 0.5744145015625 0.5790082484375 0.5701587296875
0 0.8980784140625 0.49009899062500006 0.8869465640625 0.4809556078125 0.7766983421875 0.5035685515625 0.7252873515625 0.4999408640625 0.6865469734375 0.5051852328125 0.6628299453125 0.523646621875 0.535926665625 0.55078290625 0.5306747828125 0.5659883921875 0.5359191531249999 0.6047287703124999 0.5906414265625 0.8790818874999999 0.6100097359375 0.8899461687500001 0.9582234359375 0.82220028125 0.9629326671875 0.8039172718750001 0.9331760765625001 0.6441573375 0.8980784140625 0.49009899062500006
0 0.46912429843750003 0.576841403125 0.4561823609375 0.5664305828125 0.1089647734375 0.6308276203125 0.1027167796875 0.6493819546874999 0.14278373125 0.86761485 0.15509007187499999 0.8924171796874999 0.15336541718750002 0.9276265718750001 0.1658501359375 0.9714366984374999 0.358466725 0.9390598000000001 0.397571375 0.9178851578125 0.4145869484375 0.924404478125 0.4196566953125 0.917164128125 0.441470690625 0.9149043375 0.445904840625 0.9220554968749999 0.52637393125 0.901520209375 0.5293622671875 0.8914736609375 0.48468278593749997 0.647081809375 0.46912429843750003 0.576841403125
0 0.3889866390625 0.1673485453125 0.35495549375 0.1543099046875 0.288246071875 0.1628993671875 0.27267631406250004 0.17357775625 0.239548334375 0.1746593015625 0.2344785875 0.18189965 0.06086979375 0.21409816875 0.021947279687499998 0.227307675 0.0191373234375 0.25636201875000003 0.034513675 0.3345675609375 0.045552578125 0.36117997812499997 0.06365345312500001 0.373854346875 0.06671595 0.4812034234375 0.086797778125 0.5680988874999999 0.09892573906249999 0.573893421875 0.12997230625 0.570005678125 0.4289456171875 0.5109422 0.45094174843749996 0.5007172734374999 0.45411221875 0.4827055890625 0.39984340625 0.201926096875 0.3889866390625 0.1673485453125
0 0.822828365625 0.08133091875000001 0.8101577531249999 0.07245886093750001 0.5075642671875 0.1289874640625 0.4566029828125 0.145906334375 0.4506263125 0.16599943125 0.4633786 0.2383212515625 0.5057091 0.45139520937500005 0.5206395046875001 0.48208126250000005 0.5620039453125 0.482720615625 0.6540583468750001 0.46490233593749997 0.6839266671875001 0.47232857812500006 0.7609577187500001 0.44129328125 0.8801671890625 0.415513621875 0.8828841984375 0.4039283125 0.82816568125 0.1026022625 0.822828365625 0.08133091875000001
1 0.785109425 0.5512701765625 0.7730706546875 0.554979540625 0.76827223125 0.5637586531250001 0.772252921875 0.5773361875 0.7810320328125 0.582134609375 0.7961483296874999 0.57788259375 0.7938885375 0.5560685984375 0.785109425 0.5512701765625
1 0.0811187296875 0.400920225 0.07324278281249999 0.41024198749999996 0.0754133859375 0.422552084375 0.08473514843749999 0.43042802968749994 0.09641340468750001 0.41567600625 0.09062262812500001 0.40083103593749997 0.0811187296875 0.400920225
1 0.7190356015625 0.5454681296875 0.714237178125 0.5542472421875 0.7189426546875 0.5629371640625 0.73795045 0.5627587843749999 0.7365046343749999 0.5455610765625 0.7190356015625 0.5454681296875