1 0.398754746875 0.71393331875 0.39146378125000003 0.6801953875 0.3775335875 0.6693119265624999 0.3289133578125 0.6579651656250001 0.277544775 0.6626982 0.2534928046875 0.671948346875 0.23058335937500002 0.6905036140624999 0.2204615828125 0.710637221875 0.2250316828125 0.7478577015625001 0.23507099999999997 0.7655158375 0.2633122296875 0.7903844656250001 0.299144790625 0.8001528859375 0.3625393578125 0.790794778125 0.37554493437500003 0.7813267234375 0.3897480078125 0.75596929375 0.398754746875 0.71393331875
1 0.7227181796875 0.7497188484375 0.74875681875 0.7181854921874999 0.7560222828125001 0.674789084375 0.7538196921875 0.6183871 0.7354548453125 0.5970285078125 0.704437778125 0.6008369250000001 0.6852013015625 0.6236639109375 0.6613907546875 0.7887335906249999 0.6646279093749999 0.8150980984375 0.6841627671875 0.8331645625 0.7294908703125 0.8433413125 0.7500602921875 0.8313703 0.7473944 0.8096583531249999 0.7284308046875 0.7962444484375 0.713167665625 0.774505015625 0.7227181796875 0.7497188484375
1 0.7051249421875 0.28590573125 0.67157743125 0.29474754999999997 0.6451854375 0.310581953125 0.6096237703125 0.354304228125 0.607065840625 0.371934878125 0.628695328125 0.4070607296875 0.7075984281250001 0.3957984125 0.7758084890625 0.40001714374999997 0.8287828984375001 0.3698991921875 0.826279940625 0.362335346875 0.81194141875 0.36094742812499997 0.7051249421875 0.28590573125
1 0.42977975468749996 0.3511985515625 0.40311686562500004 0.31354225625 0.381813246875 0.3067126078125 0.360482140625 0.31248020625 0.34048398125 0.329103778125 0.3369189734375 0.36417465625 0.32894679843749997 0.3761731546875 0.3099282296875 0.38795374531250004 0.2965143265625 0.4069173421875 0.29801020624999996 0.431921415625 0.3064986703125 0.44976997343749997 0.323720990625 0.46182344531249997 0.38496595624999996 0.4606004453125 0.409208346875 0.4529011515625 0.42493478749999997 0.43995054843750003 0.4344853015625 0.41516438125 0.42977975468749996 0.3511985515625
1 0.7613659765625 0.179823453125 0.7580188765625 0.2038479359375 0.7678402859375 0.23255246718749997 0.7829404906249999 0.24014380000000002 0.8071828828125 0.23244450625000002 0.8180938281250001 0.20591706406250002 0.808462840625 0.1787633875 0.7852275265625 0.1690224515625 0.7613659765625 0.179823453125
1 0.1493481765625 0.34942383593750004 0.1314721328125 0.37050954687500004 0.13509012812500001 0.3999757609375 0.155005828125 0.42114393124999994 0.181751178125 0.421008484375 0.20291934843749998 0.401092784375 0.202403059375 0.37124572968749997 0.1906224671875 0.3522271609375 0.17881439062499999 0.3458058390625 0.1493481765625 0.34942383593750004
1 0.21314908593749998 0.42030177343749997 0.2150532953125 0.43581030781249996 0.2307247625 0.44805419999999996 0.24778414999999998 0.4459595703125 0.2621501578125 0.4347502421875 0.258913003125 0.40838573437500003 0.24517323124999998 0.399053128125 0.22210085156249998 0.40346029375 0.21314908593749998 0.42030177343749997
1 0.8791659328125 0.6392039015625001 0.86284074375 0.6600991921875 0.8637653609375 0.68045070625 0.8757363734375 0.7010201281249999 0.9075151234375 0.703415125 0.9220715531250001 0.69375665 0.9250378125 0.666630459375 0.911325525 0.6447006046875 0.8931236140625 0.6374901140625 0.8791659328125 0.6392039015625001
1 0.8643621250000001 0.76223760625 0.83508633125 0.76740645625 0.8160402765624999 0.7917842953124999 0.8194678515625 0.8196996546875001 0.8271946328125 0.8313447984375 0.848688671875 0.8397253015624999 0.87040061875 0.837059409375 0.8865079015624999 0.8272105140624999 0.901309725 0.7939083953125 0.8905087249999999 0.7700468468749999 0.8643621250000001 0.76223760625
1 0.4012282328125 0.8238260000000001 0.41167587812499995 0.8319885953125 0.42873526406250007 0.8298939656250001 0.43885704062500003 0.809760359375 0.431729009375 0.790170528125 0.41545879374999994 0.7858713234375 0.39916108906250003 0.794169365625 0.4012282328125 0.8238260000000001
1 0.5456284703125001 0.46133861249999997 0.5479135203125 0.47994885312499996 0.5597215984374999 0.4863701734375 0.5829843984374999 0.4835138609375 0.5907661515625 0.469964509375 0.5873110890625 0.45464639531250006 0.570469609375 0.44569463125000003 0.5537910640625 0.4508909671875 0.5456284703125001 0.46133861249999997
1 0.43486217343750005 0.5977292624999999 0.433855096875 0.6151694921875 0.44101061406250003 0.622162075 0.4568999890625 0.6233595734375 0.468164290625 0.6125310859375 0.46857261875 0.6030355453125 0.45929498593750007 0.5915808234375 0.4449564640625 0.590192903125 0.43486217343750005 0.5977292624999999
0 0.3511985515625 0.5702202453125 0.32312025625 0.5594997203125 0.28453934375 0.5658110953125 0.236435403125 0.5843113890625 0.12439311875 0.5949199828125 0.1164209453125 0.6069184812499999 0.127899184375 0.764506775 0.14615209843750002 0.9259859453124999 0.1560009953125 0.942093228125 0.5088063921875 0.9050711093749999 0.524151990625 0.8890188 0.496270071875 0.6106543640625001 0.48995869843750006 0.5720734515625 0.48049064374999995 0.559067875 0.3511985515625 0.5702202453125
0 0.76371760625 0.87849465 0.9573838546875001 0.8531411906249999 0.9565142109375 0.80759518125 0.9445706843749999 0.7744285109375 0.949087796875 0.7471118999999999 0.923598890625 0.5267003015625 0.9121991406250001 0.5107834390625 0.5613254390625 0.5507168453125 0.5519928328125 0.5644566171875 0.5576504843750001 0.6361767140625 0.586376546875 0.88295281875 0.59217163125 0.8916866765625 0.67512854375 0.8877977859374999 0.6772781453125 0.8796626765625 0.698799671875 0.87544593125 0.70576476875 0.8808876609375 0.7201307765625 0.8696783328125001 0.76371760625 0.87849465
0 0.8803988593750001 0.25179092812500004 0.894003184375 0.23437818593749998 0.896779021875 0.2057011421875 0.8886184125 0.1264172 0.8774365703125 0.09945394375 0.8363527 0.098201471875 0.6609158484375001 0.11816817500000001 0.6539507515625 0.1127264453125 0.62195409375 0.1213778421875 0.6039426031249999 0.1157182046875 0.53763675 0.1270080078125 0.5089047328125 0.149426665625 0.5086318515625 0.18566755625 0.5388263078125 0.47004498281249996 0.54712435 0.4863426875 0.571148834375 0.4896897875 0.8743269234375 0.4587611359375 0.90515356875 0.45340186562499996 0.9150574390624999 0.444314653125 0.9088560093750001 0.35534474843749997 0.8803988593750001 0.25179092812500004
0 0.48032969375 0.4551881875 0.45851375625 0.23904830625 0.44956397656249997 0.1661581984375 0.43797380625000004 0.14869048437500001 0.3842926875 0.14741052500000001 0.0783937328125 0.1818217265625 0.06887070625 0.1940106453125 0.06998574375 0.2159130140625 0.105757378125 0.5200706937499999 0.1117428828125 0.5303554046875 0.23328070781250002 0.5201551390625 0.3160197125 0.527312640625 0.34241170625 0.5114782390625 0.435653328125 0.501603840625 0.4750234125 0.4888986328125 0.48032969375 0.4551881875
1 0.23956261093750003 0.6610648875 0.255261565625 0.66071153125 0.2622541484375 0.6535560140625 0.2620912140625 0.6394079125000001 0.254935696875 0.6324153296875 0.24233845 0.6323878421875 0.23534586562499998 0.6395433609375 0.23956261093750003 0.6610648875
1 0.8767788781249999 0.3120563015625 0.88339061875 0.301799078125 0.881867253125 0.28939225 0.871610028125 0.282780509375 0.8624953281250001 0.28547388749999997 0.8612978296874999 0.3013632625 0.8767788781249999 0.3120563015625
1 0.310984325 0.6145137843749999 0.3038288078125 0.6075212015625 0.28715026250000003 0.6127175375 0.29079574531249996 0.629586503125 0.30902514375 0.624199746875 0.310984325 0.6145137843749999