1 0.2627433171875 0.5764877765625 0.27937925625000004 0.601470259375 0.301034834375 0.604933346875 0.326562040625 0.5820711921874999 0.34127098437500003 0.5394409390625 0.34440314375000003 0.5036401921875 0.340978159375 0.453149553125 0.3247507640625 0.4234974078125 0.3047879203125 0.41861394843750005 0.2813619921875 0.4353860671875 0.251749359375 0.5049448484375 0.2528197546875 0.5285655218749999 0.2627433171875 0.5764877765625
1 0.5915085953125 0.7448447078125 0.6089030531249999 0.7432295890625 0.6303638859375 0.7309909515624999 0.6801341078124999 0.682017353125 0.6933450609375 0.656509196875 0.7230748234375 0.6214669703125 0.7368305 0.5897325984374999 0.7350792 0.57389469375 0.719396528125 0.5380163312499999 0.699102759375 0.518987703125 0.6716295062500001 0.51031023125 0.6538265062499999 0.5165950125000001 0.6017602609375 0.5559569234375 0.5890940312499999 0.5752388625 0.5712529281250001 0.6536698624999999 0.5747364765625 0.721418778125 0.5915085953125 0.7448447078125
1 0.43248534375 0.5725166578125 0.45840204218749997 0.5810579484375 0.47451230625 0.5761935406250001 0.493677115625 0.5543432171875 0.5138728078125 0.50278218125 0.5214213187500001 0.43442997656250004 0.51764635625 0.405867278125 0.49581508437500005 0.3506293609375 0.475385134375 0.3331572859375 0.4451297 0.33835262187500004 0.4269767203125 0.36656534218750003 0.4083185328125 0.4543356671875 0.41680267187500003 0.5366382953125 0.43248534375 0.5725166578125
1 0.5760954625 0.45489802968750004 0.5931399421875 0.47521085 0.6087054843749999 0.47657265937500004 0.6252242921875 0.4670385875 0.6475212609375001 0.4093875171875 0.65147050625 0.36424744531250003 0.6485126296875 0.32634542031249997 0.632149053125 0.298249828125 0.61502695625 0.2967518390625 0.5861142796875 0.322454740625 0.5677475046875 0.3710388484375 0.5679232 0.4228136796875 0.5760954625 0.45489802968750004
1 0.7283259 0.418025475 0.7392217796875 0.4189787421875 0.77078045625 0.3809595875 0.78766829375 0.3134244671875 0.7773361890625 0.27017187656249997 0.76346338125 0.26738969375 0.742547271875 0.2734021140625 0.7187128015625001 0.2948438953125 0.706086084375 0.3674572203125 0.71067813125 0.38668059375 0.7283259 0.418025475
1 0.256669509375 0.287358184375 0.2723712328125 0.2871634390625 0.27758561875 0.2813457640625 0.2860683453125 0.2381707890625 0.28019210625 0.215698125 0.27423825 0.21204029375000003 0.263206190625 0.21264358125 0.2502675984375 0.2350386296875 0.24841963125 0.274088665625 0.256669509375 0.287358184375
1 0.27467149062499996 0.6732079343749999 0.2922797453125 0.6512214296875001 0.2934468078125 0.619954165625 0.283640375 0.606548465625 0.27558524218749997 0.60898066875 0.26772485625 0.627114596875 0.2670249 0.6709704765625 0.27467149062499996 0.6732079343749999
1 0.131020446875 0.6120175734375 0.141371603125 0.61919705625 0.1605364125 0.5973467328125001 0.1672487875 0.5744069625 0.14709119843750001 0.5538217796875 0.13280984843750002 0.5557092609375001 0.12401524687500001 0.5486659578124999 0.1260198578125 0.5974638624999999 0.131020446875 0.6120175734375
1 0.181410184375 0.28704772031250003 0.1931231484375 0.2786616609375 0.2001078859375 0.25260878125 0.1963329234375 0.2240460828125 0.18923105625 0.21558240781250002 0.1794831890625 0.219434984375 0.1720313453125 0.23289925 0.17031955781250002 0.27039273124999996 0.181410184375 0.28704772031250003
1 0.844213690625 0.635202184375 0.8495642578125 0.62782795625 0.849310946875 0.59486795625 0.8360414281249999 0.603117834375 0.8354190875 0.6281588828125 0.844213690625 0.635202184375
1 0.4845544109375 0.784109953125 0.500119953125 0.7854717609375 0.5070270734375 0.7782337125 0.510898703125 0.751908471875 0.5020455359375 0.72760689375 0.4836978125 0.7401178921875 0.47745254375 0.7756462765625 0.4845544109375 0.784109953125
0 0.0100777375 0.7394616859375 0.0202927125 0.748197721875 0.12559367500000002 0.7636842374999999 0.48543006093749996 0.7920289046875 0.49957522968749996 0.791697978125 0.504789615625 0.785880303125 0.6137484109375 0.7954129625 0.6298586765625 0.7905485546875 0.662546315625 0.7934083515625 0.6898833859375 0.8036423781250001 0.6965181453125 0.7995174390625001 0.705448928125 0.8050041875 0.806488771875 0.8154124968750001 0.8845888437499999 0.8191084296875 0.9165370140625001 0.8124927218750001 0.92540923125 0.8007211921874999 0.9335024671875001 0.7261427703125001 0.9683647640625 0.3276648921875 0.9629161187499999 0.2644494578125 0.9500741921875001 0.2319565640625 0.935870459375 0.2150292140625 0.9205772781249999 0.210554296875 0.8086415562499999 0.19919272187499998 0.163411025 0.152153175 0.11657821875 0.14962430468750001 0.0892997109375 0.1566485546875 0.0664770703125 0.184452734375 0.04281829375 0.257669346875 0.018733334375 0.497106334375 0.0075869671875 0.714148275 0.0100777375 0.7394616859375