1 0.43125 0.3765625 0.4453125 0.359375 0.4328125 0.340625 0.4109375 0.334375 0.3875 0.334375 0.359375 0.3453125 0.3546875 0.365625 0.365625 0.3765625 0.3921875 0.384375 0.43125 0.3765625
1 0.4578125 0.5015625 0.4578125 0.4890625 0.4421875 0.48125 0.421875 0.48125 0.40625 0.4890625 0.4046875 0.5015625 0.4171875 0.509375 0.4390625 0.5109375 0.4578125 0.5015625
1 0.4828125 0.6140625 0.48125 0.5984375 0.4578125 0.578125 0.4078125 0.575 0.3875 0.5859375 0.3859375 0.60625 0.41875 0.6296875 0.4546875 0.63125 0.4828125 0.6140625
1 0.4109375 0.740625 0.4390625 0.7265625 0.4375 0.709375 0.409375 0.6953125 0.3796875 0.6953125 0.35625 0.7078125 0.3484375 0.71875 0.35 0.728125 0.371875 0.7375 0.4109375 0.740625
1 0.5984375 0.446875 0.596875 0.4375 0.584375 0.43125 0.55625 0.434375 0.5515625 0.4484375 0.5609375 0.45625 0.5875 0.45625 0.5984375 0.446875
1 0.5390625 0.5578125 0.5375 0.56875 0.559375 0.5671875 0.553125 0.55625 0.5390625 0.5578125
1 0.6078125 0.6546875 0.6078125 0.65 0.5875 0.6421875 0.5671875 0.646875 0.5625 0.6578125 0.5734375 0.665625 0.6015625 0.6609375 0.6078125 0.6546875
1 0.671875 0.68125 0.665625 0.665625 0.63125 0.6671875 0.6265625 0.678125 0.6359375 0.6890625 0.6609375 0.6890625 0.671875 0.68125
1 0.7140625 0.678125 0.7125 0.66875 0.6984375 0.6640625 0.678125 0.671875 0.678125 0.6796875 0.6890625 0.6875 0.7046875 0.6859375 0.7140625 0.678125
0 0.7578125 0.659375 0.7578125 0.66875 0.775 0.66875 0.775 0.6609375 0.7578125 0.659375
0 0.1609375 0.9375 0.175 0.965625 0.221875 0.971875 0.25625 0.9671875 0.4234375 0.9734375 0.5 0.9703125 0.5203125 0.9796875 0.55 0.9703125 0.6265625 0.9765625 0.6421875 0.91875 0.6546875 0.9015625 0.6859375 0.8875 0.7375 0.8796875 0.8953125 0.8796875 0.9234375 0.86875 0.9359375 0.825 0.95625 0.3421875 0.9546875 0.2453125 0.94375 0.2171875 0.909375 0.20625 0.753125 0.203125 0.68125 0.184375 0.6421875 0.190625 0.5328125 0.1828125 0.4453125 0.2125 0.4078125 0.2140625 0.38125 0.225 0.3609375 0.21875 0.303125 0.2328125 0.28125 0.23125 0.2546875 0.2421875 0.24375 0.2390625 0.225 0.25 0.2171875 0.2328125 0.2125 0.190625 0.2171875 0.184375 0.215625 0.134375 0.196875 0.1421875 0.1953125 0.2328125 0.1875 0.2671875 0.178125 0.6125 0.159375 0.8875 0.1640625 0.896875 0.1609375 0.9375