1 0.2828125 0.884375 0.2953125 0.8734375 0.29375 0.8578125 0.2671875 0.84375 0.23125 0.8453125 0.2109375 0.85625 0.2078125 0.871875 0.21875 0.8828125 0.246875 0.890625 0.2828125 0.884375
1 0.2609375 0.134375 0.253125 0.1234375 0.2359375 0.1171875 0.215625 0.1171875 0.2078125 0.125 0.20625 0.1421875 0.2234375 0.15 0.2484375 0.1484375 0.2609375 0.134375
1 0.2546875 0.815625 0.4 0.8375 0.4796875 0.8375 0.5125 0.8296875 0.56875 0.7484375 0.5609375 0.728125 0.4984375 0.671875 0.45 0.64375 0.375 0.621875 0.30625 0.625 0.221875 0.65625 0.1875 0.68125 0.1609375 0.7109375 0.1578125 0.7234375 0.1734375 0.7671875 0.2046875 0.796875 0.2546875 0.815625
1 0.85 0.1078125 0.8453125 0.0953125 0.8171875 0.0890625 0.79375 0.090625 0.7671875 0.103125 0.7546875 0.11875 0.8 0.134375 0.8359375 0.128125 0.85 0.1078125
1 0.18125 0.359375 0.1765625 0.3484375 0.1546875 0.3421875 0.1375 0.34375 0.1265625 0.353125 0.125 0.3609375 0.1453125 0.371875 0.165625 0.371875 0.18125 0.359375
1 0.2359375 0.265625 0.2328125 0.2453125 0.221875 0.2390625 0.175 0.240625 0.171875 0.2546875 0.1875 0.271875 0.2171875 0.275 0.2359375 0.265625
1 0.278125 0.884375 0.2953125 0.86875 0.290625 0.85625 0.2640625 0.84375 0.2328125 0.8453125 0.2125 0.85625 0.2109375 0.871875 0.221875 0.8828125 0.2390625 0.8875 0.278125 0.884375
1 0.346875 0.3265625 0.440625 0.3546875 0.553125 0.36875 0.5671875 0.3546875 0.5453125 0.3375 0.5453125 0.3078125 0.5734375 0.2546875 0.6 0.2296875 0.60625 0.2140625 0.6578125 0.1796875 0.6921875 0.1484375 0.69375 0.140625 0.68125 0.1265625 0.64375 0.1171875 0.5578125 0.159375 0.5015625 0.171875 0.471875 0.171875 0.409375 0.14375 0.3703125 0.1375 0.34375 0.153125 0.321875 0.1921875 0.3203125 0.23125 0.309375 0.278125 0.31875 0.2984375 0.346875 0.3265625
1 0.43125 0.5390625 0.4546875 0.521875 0.45625 0.496875 0.4359375 0.4796875 0.409375 0.475 0.3390625 0.478125 0.3390625 0.521875 0.346875 0.540625 0.3953125 0.54375 0.43125 0.5390625
1 0.2765625 0.8125 0.28125 0.81875 0.325 0.825 0.334375 0.8359375 0.3515625 0.8328125 0.3921875 0.840625 0.484375 0.8375 0.5203125 0.825 0.5671875 0.746875 0.559375 0.728125 0.51875 0.6875 0.45 0.6421875 0.40625 0.6265625 0.3578125 0.6203125 0.3 0.6265625 0.221875 0.65625 0.175 0.69375 0.1609375 0.7140625 0.1609375 0.728125 0.178125 0.771875 0.2296875 0.809375 0.2765625 0.8125
0 0.9234375 0.971875 0.9421875 0.959375 0.95 0.921875 0.9578125 0.5734375 0.9390625 0.553125 0.590625 0.54375 0.5546875 0.5296875 0.5484375 0.4953125 0.3875 0.546875 0.08125 0.5484375 0.0671875 0.5625 0.0640625 0.590625 0.05625 0.8015625 0.0515625 0.9515625 0.0546875 0.9609375 0.0703125 0.9671875 0.9234375 0.971875
0 0.10625 0.1328125 0.1046875 0.2171875 0.109375 0.2390625 0.103125 0.265625 0.0828125 0.2640625 0.0796875 0.26875 0.071875 0.4421875 0.0828125 0.459375 0.1046875 0.4671875 0.1421875 0.46875 0.3828125 0.4671875 0.4515625 0.4796875 0.4578125 0.4875 0.53359375 0.4828125 0.565625 0.4890625 0.584375 0.4796875 0.6359375 0.471875 0.928125 0.475 0.9546875 0.4671875 0.959375 0.459375 0.9765625 0.140625 0.978125 0.0875 0.971875 0.0625 0.9578125 0.05625 0.89375 0.053125 0.4421875 0.046875 0.21875 0.05 0.209375 0.0453125 0.1 0.0453125 0.0859375 0.05625 0.0859375 0.075 0.0921875 0.0796875 0.0875 0.10625 0.10625 0.1328125
1 0.928125 0.23125 0.928125 0.2171875 0.9046875 0.2046875 0.871875 0.2046875 0.85 0.2234375 0.8484375 0.2328125 0.875 0.2453125 0.9109375 0.24375 0.928125 0.23125