1 0.75171534375 0.09962025937499999 0.73969448125 0.08988595625 0.7109069234375001 0.0850561171875 0.6758195953125 0.0950283703125 0.664531353125 0.107212559375 0.66771855 0.12258863906249999 0.69560546875 0.133797565625 0.731182775 0.1284871328125 0.7502407203125 0.115486315625 0.75171534375 0.09962025937499999
1 0.8116324234375 0.8191740109375001 0.7869327015625001 0.8233411625 0.775971109375 0.8386332328125 0.7848840921875 0.8486941874999999 0.802630740625 0.8531133656250001 0.8228319656249999 0.85099013125 0.8297850406249999 0.8424037999999999 0.8295423968750001 0.8251471296874999 0.8116324234375 0.8191740109375001
1 0.48358811093750004 0.3289032234375 0.534700128125 0.3518110546875 0.6115758296875 0.36572658593749996 0.679622559375 0.3554323734375 0.7602688296875 0.315533975 0.7918423078125 0.28707776093750004 0.8151561078125 0.25477635625 0.8169573828125 0.24201818125000002 0.7968448578125 0.2001411046875 0.762662859375 0.17388275 0.7109768562500001 0.16046188749999998 0.5641738328125 0.1538960140625 0.48492287031250003 0.1622256265625 0.4531067484375 0.17342516875 0.4056578296875 0.2601097984375 0.41555076562500004 0.27949439531250003 0.48358811093750004 0.3289032234375
1 0.23986165 0.8949806062500001 0.2047743234375 0.9049528609375 0.19291209375 0.9266240187499999 0.1988805203125 0.9385655640625 0.2275047515625 0.9418414640625 0.2506505328125 0.9378376375 0.275760915625 0.9226295765625 0.28655918125 0.9057835656250001 0.23986165 0.8949806062500001
1 0.86613719375 0.590348178125 0.8459359687499999 0.5924714125 0.83170316875 0.60653619375 0.8375082703125001 0.6169238 0.859916740625 0.6208530015625 0.876846759375 0.617502478125 0.8867443890625 0.6070355546874999 0.8874817 0.599102528125 0.86613719375 0.590348178125
1 0.804782128125 0.6942054703125 0.787114796875 0.705489021875 0.7923459125 0.7253635968750001 0.8038767984374999 0.730436078125 0.8503316859375 0.723982365625 0.8519696359375001 0.7096702500000001 0.8346336484375 0.6942101625 0.804782128125 0.6942054703125
1 0.7486074625 0.0999469109375 0.7365866 0.0902126078125 0.719003278125 0.08734737031249999 0.6804814171875 0.09453839375 0.6650213296875 0.11187438125 0.67098975625 0.123815928125 0.69871335 0.1334709140625 0.7296288343749999 0.128650459375 0.7486867796875 0.1156496421875 0.7486074625 0.0999469109375
1 0.4526069375 0.7516449609375 0.42880316093750004 0.779284546875 0.42422065625 0.795477253125 0.3765337875 0.8350536921874999 0.3456136109375 0.8697256671875 0.3448763 0.8776586953125 0.3587777546875 0.8903375546875001 0.3970522796875 0.8957413796875 0.4781092109375 0.844802071875 0.5327444609375 0.826490821875 0.5622693296875 0.823387634375 0.6273668125 0.8448255328125001 0.6668686265625 0.8469581515625 0.69165235625 0.828642209375 0.7093243796875 0.7875071390625 0.7067951781249999 0.7484953015625 0.7127729890625 0.7007338078124999 0.7013261125 0.6815125359375 0.6704153203125001 0.6564814703125 0.5742390296875 0.6383100859375 0.46088538437500004 0.6360840734375001 0.448369853125 0.65153946875 0.4719216015625 0.6663462546875001 0.475024790625 0.6958711234375 0.4526069375 0.7516449609375
1 0.6577693078125 0.46142228437500005 0.648039696875 0.4435916265625 0.5995408906249999 0.44554684375000003 0.5642902375000001 0.45396515624999995 0.5427777125000001 0.4735083875 0.543836984375 0.49853476093750004 0.56583479375 0.513504871875 0.5927417578124999 0.5153901546874999 0.662342428125 0.5049326171875 0.6577693078125 0.46142228437500005
1 0.4802610484375 0.162715603125 0.4458270234375 0.17890361875 0.4073750953125 0.2615004125 0.41710470624999996 0.2793310703125 0.461753628125 0.31548705312499997 0.534863453125 0.3533649953125 0.58000704375 0.3643312796875 0.6288325015625 0.36548394375000004 0.6856749953125 0.35322512968750003 0.7602688296875 0.315533975 0.8029672265625001 0.2733396328125 0.81482945625 0.251668475 0.8133595250000001 0.23768301093750002 0.791693059375 0.1959692609375 0.73649320625 0.16406443906249998 0.689548340625 0.1658563296875 0.6842332171875001 0.16013054375 0.64006958125 0.158487903125 0.6296026578125 0.1485902734375 0.6128359640625 0.1534947375 0.571616884375 0.1499715046875 0.4802610484375 0.162715603125
0 0.78264230625 0 0.029557765625 0.0749712515625 0.0122170859375 0.089362684375 0.0083672015625 0.127473884375 0.037019135937499996 0.47481923593750003 0.05778965625 0.493060553125 0.40529833281250005 0.46596255937500003 0.4425088953125 0.47619153125 0.4523178234375 0.50972491875 0.6069839421875 0.441622334375 0.9113929468749999 0.4080565515625 0.923908478125 0.39260115624999997 0.9240764968749999 0.3643035765625 0.9097972265625 0.15370498593749998 0.898779778125 0.0040367234375 0.8969456703124999 0 0.78264230625 0
0 0.9318227374999999 0.5127445484375001 0.919148571875 0.49679448437499996 0.8965767765624999 0.4913113421875 0.8591188796875 0.49367721875 0.619975375 0.5203833203125 0.5502953890625 0.515138128125 0.5432629984374999 0.5080217296875 0.46838686249999995 0.5206048484375 0.43587778125 0.5177372640625 0.41821045 0.529020815625 0.3677470421875 0.542180265625 0.076833525 0.5696142953125001 0.051233165625 0.5801605359375 0.047387973437499994 0.5884202140625 0.06361307499999999 0.9072206515625 0.067612209375 0.960217953125 0.0764411828125 0.9844276984375 0.09107994999999999 0.989173528125 0.1551181609375 0.9855850546875 0.6048602562500001 0.9445996828125001 0.8267470921875001 0.918136221875 0.8365607109375001 0.9218180890625 0.9453365437500001 0.9103852890624999 0.9581787281249999 0.898037775 0.95621881875 0.8793904890625001 0.9495130796875 0.8753819703125 0.9513983640625 0.8484750046875 0.9299745421875001 0.8240179265625001 0.9227088921875 0.739941815625 0.9157605109375 0.7186766265625 0.9191997359374999 0.6916063359375 0.9395642875 0.6910370421875001 0.9421821906250001 0.68604856875 0.9318227374999999 0.5127445484375001
1 0.1536763828125 0.79249046875 0.1180990765625 0.7978009015625 0.10231233749999999 0.8120290078125001 0.10378227031250001 0.826014471875 0.12839798281249998 0.835996109375 0.16103073125 0.83256626875 0.1808259890625 0.8116324234375 0.1813999765625 0.8021454546875001 0.1536763828125 0.79249046875