1 0.8883457546875 0.7483698359375001 0.8691258546875 0.74633745 0.8478986562499999 0.7524764484375 0.8416593046875 0.7754433109375001 0.8530925593750001 0.800660015625 0.8694353296875 0.8046746125 0.8933222000000001 0.7950061093749999 0.8975542531249999 0.7802106328125 0.8883457546875 0.7483698359375001
1 0.595079225 0.862167115625 0.5699377828125 0.8404548249999999 0.5586718109375 0.8388824421875001 0.540974115625 0.8476811140624999 0.528763046875 0.8730651015625 0.533354753125 0.8945097578125001 0.5498898921875 0.9111201624999999 0.579505934375 0.9085357546875 0.5963588843750001 0.8824993937500001 0.595079225 0.862167115625
1 0.49110106093750006 0.8183996359375 0.47541066406250004 0.819026921875 0.46257230937499993 0.8287205125 0.46075738125 0.8494877078125 0.4783798109375 0.87383458125 0.4971647953125 0.8727723796875001 0.510245696875 0.8535775671874999 0.5072012859374999 0.8319154531249999 0.49110106093750006 0.8183996359375
1 0.256297134375 0.8766448656250001 0.23287026875 0.8783594406249999 0.21935445156250002 0.8944596656250001 0.2239461578125 0.915904321875 0.2424885953125 0.924343340625 0.2604037484375 0.9170919640624999 0.267947846875 0.9034088656250001 0.2657732671875 0.8879359265625 0.256297134375 0.8766448656250001
1 0.524831965625 0.46337512812500004 0.5062644390625 0.4659846234375 0.485012153125 0.4831721375 0.48781401874999997 0.5143354718750001 0.501932034375 0.5249741593749999 0.5390670859375 0.5197551687499999 0.5490534 0.500995271875 0.5455740718750001 0.4762385703125 0.524831965625 0.46337512812500004
1 0.8071169093749999 0.41739114375 0.77372881875 0.42681709999999995 0.7637425062500001 0.445576996875 0.7667869171875 0.4672391109375 0.7797925546875 0.48118984375 0.8217869468749999 0.476865771875 0.834867846875 0.457670959375 0.8318234359375 0.4360088453125 0.8071169093749999 0.41739114375
1 0.1279300859375 0.18780637656250002 0.10648543125000001 0.19239808281249998 0.0854255140625 0.2221814046875 0.0922168875 0.248050484375 0.1145062875 0.2606964703125 0.13660331718750002 0.26074664531249997 0.16472224062500002 0.23628266718750002 0.1586083296875 0.204006953125 0.1279300859375 0.18780637656250002
1 0.45680112812500007 0.158942978125 0.41458927812499996 0.1617197546875 0.40107346093749996 0.17781997968750002 0.40322295312499995 0.2043414328125 0.42152284531250006 0.2222816734375 0.450243965625 0.2245566046875 0.47127879375 0.20582179687500002 0.47244134843749996 0.180412721875 0.45680112812500007 0.158942978125
1 0.8414751015625 0.07805703124999999 0.8301840390624999 0.0875331640625 0.830811325 0.1032235609375 0.8413998359375 0.11120257656250002 0.8626270343750001 0.10506357656250001 0.8653117953124999 0.09048555781249999 0.854070909375 0.0778646609375 0.8414751015625 0.07805703124999999
1 0.19781769375 0.5503582312499999 0.18872629999999999 0.5642587875 0.1948653 0.5854859859375 0.2154150359375 0.5857536203125 0.2209518375 0.58024190625 0.2188023453125 0.553720453125 0.2099785859375 0.5470712734375 0.19781769375 0.5503582312499999
1 0.7410181062500001 0.137933153125 0.7385508046875 0.154058465625 0.7473745625 0.16070764531249998 0.7632824171875 0.161627653125 0.7701490546875001 0.15435118750000001 0.7712865203125 0.1399906265625 0.7653398921875 0.1313592375 0.7410181062500001 0.137933153125
1 0.854882315625 0.499038065625 0.85396230625 0.5149459203125 0.8714174546875 0.5156484703124999 0.8725549218750001 0.5012879109374999 0.854882315625 0.499038065625
0 1 0.7401863843750001 0.9823459390625 0.70991328125 0.9316281406250001 0.6633941140624999 0.9066790687499999 0.6542776328125 0.8684567265625001 0.6517601546875 0.8231252015624999 0.6660203625000001 0.7907993125 0.694231303125 0.766159715625 0.743451984375 0.7649720734375001 0.779909575 0.7794246515625 0.8378369109375001 0.7985943765625 0.8619663265625 0.83543670625 0.8883455859374999 0.8716517515625 0.8990344484374999 0.9216000703124999 0.89517038125 0.9614198828125 0.8753733718750001 0.9897813515625 0.8414081718749999 1 0.8056832546875 1 0.7401863843750001
0 0.4692131546875 0.9208806828125 0.5146617859375 0.952361828125 0.5422705296875 0.9579488062499999 0.5871420515625 0.9516425249999999 0.6238672765625 0.93228043125 0.6579830046875 0.8943508109374999 0.6711642578125 0.8309619375 0.658041515625 0.7712698515625 0.634037540625 0.7351970015625 0.5956479156250001 0.7090351984375001 0.5536786125 0.70231075625 0.5090245484375 0.71016433125 0.4685272734375 0.7363679734375 0.446137521875 0.7679160484375 0.431191515625 0.8299750843749999 0.4423571375 0.8757415265624999 0.4692131546875 0.9208806828125
0 0.240398040625 1 0.25292657812499997 0.9986134468750001 0.28832196718750003 0.9810161046875001 0.3297643375 0.927856090625 0.339148453125 0.8823572828125 0.335259296875 0.8434574796875 0.3179045015625 0.79856086875 0.271151121875 0.7577959609375 0.24177762656250001 0.750879146875 0.1949238953125 0.7543082984375 0.157546296875 0.7690285109375 0.12831499531249999 0.7968045359375 0.104327771875 0.8506670984375001 0.10468742499999999 0.88690723125 0.119165090625 0.9337860515624999 0.1497931578125 0.9720836578125001 0.19317132812499999 1 0.240398040625 1
0 0.73484576875 0.52064166875 0.77497505625 0.559181821875 0.825308115625 0.5805093718750001 0.8730567671875 0.57222088125 0.9292695265625 0.5343414375 0.9536916640624999 0.4835734625 0.9579488062499999 0.4577294703125 0.9547120234375001 0.4234715484375 0.9382270593750001 0.3847641140625 0.9045044046875 0.34690142343749997 0.8610128953125 0.329345921875 0.8291971859375 0.32750590625 0.7896199203125 0.3378016953125 0.7466804312499999 0.3690821359375 0.7189462484375 0.4187377328125 0.7223252234374999 0.48768849375 0.73484576875 0.52064166875
0 0.3867297375 0.5585211984375 0.44895605625 0.5971115265625 0.5006440390625 0.6056258109375 0.5408736796875 0.5999719031249999 0.578251278125 0.585251690625 0.610384796875 0.544444940625 0.6191165390625 0.49430425156249996 0.6112629640625 0.44965018749999996 0.588371365625 0.41026529062500006 0.5464522390625 0.3814438171875 0.5073600640625 0.3727371640625 0.44899781406250006 0.3840951546875 0.4016339015625 0.41757526250000004 0.374359721875 0.4592769328125 0.3681203703125 0.4822437953125 0.3717920671875 0.5195963046875 0.3867297375 0.5585211984375
0 0.0880769359375 0.6115391015625 0.1370550703125 0.64567991875 0.17261774218749998 0.6517269 0.2174892640625 0.64542061875 0.255979240625 0.6273883609375 0.2899025984375 0.57686293125 0.292637534375 0.5401878828125 0.2841315859375 0.4908919375 0.26563932343749996 0.4603558875 0.2265973265625 0.4295522046875 0.1839756484375 0.4181858796875 0.1375568328125 0.42470961875 0.09439988593750001 0.45444276562499997 0.0651184078125 0.5043158203125 0.0606187203125 0.539661034375 0.061463464062499994 0.5568987234375 0.0880769359375 0.6115391015625
0 0.745668434375 0 0.71300786875 0.01721914375 0.6727029640625 0.05601859687500001 0.6520277875 0.1109935375 0.653282359375 0.1423743296875 0.6609686531250001 0.1633840703125 0.6896145109375 0.198804546875 0.73750535625 0.2252088953125 0.7891933390625 0.233723178125 0.836941990625 0.2254346875 0.8747795921874999 0.2027605484375 0.901158853125 0.1659182171875 0.9138550140625 0.1215317875 0.9097484 0.0810846890625 0.8919336 0.04414200625 0.8451802203125001 0.0033770984375 0.8333737109375001 0 0.745668434375 0
0 0.362265675 0.238499003125 0.3999778359375 0.27106743906249997 0.4317684578125 0.2839559703125 0.464914003125 0.284031234375 0.5288130546875001 0.2671615296875 0.56803066875 0.2206256078125 0.579614453125 0.179551225 0.5742281796875 0.1187718484375 0.55750066875 0.08956563437500001 0.5418604484375 0.068095890625 0.48691059531249997 0.036372198437499996 0.435197525 0.03890643125 0.3885361625 0.054931390625 0.352195678125 0.099485103125 0.33705730312500004 0.1489483296875 0.344885790625 0.2046509078125 0.362265675 0.238499003125
0 0 0.2627293765625 0.0077430109375 0.2757010703125 0.056721146874999996 0.3098418875 0.111261171875 0.327422475 0.1733703828125 0.32027145 0.2096606921875 0.29781476875 0.23736978749999998 0.2592076875 0.24431168906249998 0.21878567656249998 0.240422534375 0.179885871875 0.2290143671875 0.14362065156249998 0.184920659375 0.0993262390625 0.1478357828125 0.0824482 0.0855091125 0.08805193125 0.040612503125 0.105406728125 0 0.1494017515625 0 0.2627293765625