1 0.31307008125 0.7971891078125 0.346433084375 0.79556655 0.3682373921875 0.763918121875 0.3622154984375 0.7394039671875 0.33876354375 0.7266408765625 0.317561434375 0.7315503921875 0.302138671875 0.7514728421875 0.3002066390625 0.7764470015625 0.31307008125 0.7971891078125
1 0.6898068796875 0.78859964375 0.7046274453125 0.7954161046875 0.7249597234375 0.796695765625 0.7419548671875 0.7880392875 0.7619944234375 0.757720696875 0.7641690031249999 0.7422477578125 0.7530452234375 0.7091273015625 0.7342351515625001 0.697016584375 0.71412033125 0.69418963125 0.7004372328125 0.7017337296874999 0.679745303125 0.736694203125 0.676265975 0.7614509046875 0.6898068796875 0.78859964375
1 0.715266215625 0.5176308484375001 0.74621209375 0.5219800078125 0.7711360765624999 0.5018150125 0.7761626984375 0.47727576875000005 0.77038335 0.462262834375 0.75510278125 0.44749244531250004 0.7173153546875 0.44691533593750005 0.6987980046875 0.4664028703125 0.69797835 0.494689075 0.715266215625 0.5176308484375001
1 0.7410015203125 0.36819571875 0.7730346875 0.36480840937500003 0.797716125 0.3351421921875 0.7967710296875 0.308185821875 0.7799180781249999 0.28214946093750004 0.759828346875 0.290371021875 0.7224507484375 0.27565080937499997 0.706810528125 0.29712055312499996 0.705121040625 0.331595934375 0.7410015203125 0.36819571875
1 0.7934088078125 0.28720117031250003 0.8106464984375 0.2880459140625 0.8203400890625 0.27520755937499997 0.8183077031250001 0.255987659375 0.8083464781249999 0.248276278125 0.7939859171875 0.24941374375 0.7867094515625 0.25628038124999997 0.7834475828125 0.2794897890625 0.7934088078125 0.28720117031250003
1 0.448111396875 0.1282228921875 0.4715382625 0.12993746875 0.4852213609375 0.12239336875 0.48848323125000004 0.09918396093750001 0.47187282656249996 0.08264882031250001 0.4515405484375 0.08136916093749999 0.436092696875 0.090243096875 0.4319359078125 0.1085931640625 0.448111396875 0.1282228921875
1 0.8341067859375 0.40179293281249995 0.8427130875 0.396691046875 0.84046324375 0.379018440625 0.8313969390624999 0.3761664 0.8210258859374999 0.3825981203125 0.8234931874999999 0.3987234328125 0.8341067859375 0.40179293281249995
1 0.3986564203125 0.5362484671875001 0.4238480375 0.5366332078125 0.43465400625 0.5271068984375 0.43615112343750007 0.5052273265625 0.4250775203125 0.4942038984375 0.40650999531250004 0.49159440312499997 0.39173960625 0.5068749718750001 0.3911123203125 0.52256536875 0.3986564203125 0.5362484671875001
1 0.4270011359375 0.6601490812499999 0.4473334140625 0.661428740625 0.45615717343749995 0.6547795625 0.45564699218750004 0.6247286046875 0.445903225 0.6154699296875 0.4253534890625 0.6157375640625 0.4160948140625 0.6254813312499999 0.41348531875 0.6440488578125 0.4270011359375 0.6601490812499999
1 0.4590009640625 0.2528260578125 0.46383521562499996 0.24088262187499998 0.458515871875 0.23382361562499998 0.4490146515625 0.23406616093750002 0.44572769375 0.2462270546875 0.4590009640625 0.2528260578125
1 0.7554206765625 0.198235940625 0.770893615625 0.2004105203125 0.7850116296875 0.1897718328125 0.787186209375 0.17429889375000002 0.7807544875 0.1639278421875 0.7643866296875 0.156893921875 0.7467391109375 0.17019228125000002 0.7461118250000001 0.18588267812499998 0.7554206765625 0.198235940625
1 0.2845413296875 0.7868682312499999 0.2949123828125 0.7804365093750001 0.298199340625 0.768275615625 0.2904377828125 0.7561398109375 0.2716527984375 0.755077609375 0.265271253125 0.7668035859375 0.2695033078125 0.7815990625 0.2845413296875 0.7868682312499999
1 0.37696079843749997 0.7130748828125 0.388226771875 0.7115025015625001 0.3934708515625 0.6854159640625 0.3771029921875 0.67838204375 0.366079565625 0.689455646875 0.36588719531249997 0.70205145625 0.37696079843749997 0.7130748828125
1 0.820858603125 0.4062424453125 0.82059096875 0.385692709375 0.8093249968749999 0.38726509062500003 0.8067155015624999 0.40583261718749997 0.820858603125 0.4062424453125
1 0.748344746875 0.8772972390625 0.766017353125 0.8750473953125001 0.7723738109375 0.852272903125 0.7473745625 0.8392923546875 0.7332816359375001 0.86097955625 0.7368362281249999 0.8693683999999999 0.748344746875 0.8772972390625
1 0.2853275625 0.6465495812500001 0.2908141875 0.629964265625 0.2748812453125 0.6198357578125 0.2556613453125 0.62186814375 0.25060963593749996 0.6353588734375 0.25459914375000003 0.6406531281250001 0.2853275625 0.6465495812500001
0 0.2631217625 0.793325040625 0.2905632234375 0.8113823859375 0.347813096875 0.8194283312499999 0.42713491093749995 0.816375584375 0.43728850625 0.8114911578124999 0.4485795671875 0.8209672906250001 0.5913655171875 0.8378788359374999 0.7401482734375 0.868256021875 0.74723236875 0.87398519375 0.7684344796875 0.869075678125 0.790673703125 0.8343326624999999 0.8220378265624999 0.633619378125 0.8750473953125001 0.233982646875 0.8731822906250001 0.191118421875 0.8640908984375001 0.177217865625 0.843950990625 0.16334239687500002 0.7575199921875 0.14961745625 0.6870219359374999 0.1460210234375 0.645270090625 0.1511981734375 0.6413056703125 0.1569524328125 0.573199653125 0.1363357671875 0.5219214984375 0.1307069484375 0.486526109375 0.11310960625 0.4869359375 0.09896650312500001 0.47607979218749996 0.0863957828125 0.45330529999999997 0.080039325 0.43633524375 0.0997443171875 0.405196996875 0.10799096718750001 0.366079734375 0.10564910624999999 0.3471023796875 0.11718271250000001 0.329070121875 0.1556726890625 0.3326247140625 0.1640615328125 0.327113 0.169598334375 0.3256660578125 0.21357493593750002 0.32015434531250003 0.21911173750000001 0.3002736515625 0.416705346875 0.26869207031250003 0.6189659265625 0.25392168125 0.6342464953125 0.263447990625 0.6450524640624999 0.2654803765625 0.6642723640625 0.25419765 0.755780159375 0.2631217625 0.793325040625