1 0.396875 0.24375 0.40625 0.2203125 0.3890625 0.1859375 0.35625 0.1796875 0.340625 0.1984375 0.3390625 0.2234375 0.3515625 0.2453125 0.371875 0.253125 0.396875 0.24375
1 0.759375 0.3375 0.7796875 0.328125 0.7953125 0.296875 0.7953125 0.28125 0.7796875 0.2484375 0.7640625 0.2375 0.74375 0.2359375 0.728125 0.240625 0.7109375 0.265625 0.7109375 0.290625 0.7265625 0.328125 0.7390625 0.3375 0.759375 0.3375
1 0.7625 0.575 0.7703125 0.5609375 0.76875 0.5359375 0.746875 0.5125 0.715625 0.5125 0.6953125 0.5328125 0.6921875 0.5609375 0.7078125 0.5828125 0.7453125 0.5875 0.7625 0.575
1 0.746875 0.7546875 0.7671875 0.73125 0.771875 0.7046875 0.7515625 0.671875 0.7203125 0.6640625 0.6796875 0.6953125 0.6765625 0.7296875 0.6890625 0.753125 0.728125 0.74375 0.746875 0.7546875
1 0.78125 0.7859375 0.7859375 0.7671875 0.778125 0.753125 0.7609375 0.7515625 0.75 0.7578125 0.75 0.78125 0.75625 0.7890625 0.7703125 0.7921875 0.78125 0.7859375
1 0.4328125 0.8953125 0.4328125 0.871875 0.4203125 0.8625 0.396875 0.8609375 0.378125 0.878125 0.3796875 0.896875 0.39375 0.9078125 0.4140625 0.909375 0.4328125 0.8953125
1 0.825 0.65 0.8171875 0.64375 0.80625 0.6453125 0.8015625 0.6609375 0.8109375 0.66875 0.8203125 0.6671875 0.825 0.65
1 0.4375 0.4859375 0.4390625 0.4640625 0.4296875 0.453125 0.4046875 0.45 0.3953125 0.4625 0.39375 0.478125 0.40625 0.4953125 0.425 0.4953125 0.4375 0.4859375
1 0.4734375 0.3703125 0.478125 0.340625 0.4703125 0.3328125 0.45 0.33125 0.434375 0.3453125 0.434375 0.3640625 0.4421875 0.375 0.4625 0.378125 0.4734375 0.3703125
1 0.425 0.7390625 0.4109375 0.74375 0.4125 0.75625 0.421875 0.7578125 0.428125 0.7515625 0.425 0.7390625
1 0.7390625 0.8625 0.7390625 0.846875 0.7265625 0.834375 0.7109375 0.834375 0.7 0.8453125 0.6984375 0.8609375 0.7140625 0.8765625 0.73125 0.871875 0.7390625 0.8625
1 0.3375 0.20625 0.3359375 0.19375 0.3265625 0.1859375 0.3109375 0.1890625 0.3046875 0.203125 0.309375 0.215625 0.328125 0.2171875 0.3375 0.20625
1 0.41875 0.275 0.4078125 0.271875 0.3953125 0.28125 0.39375 0.29375 0.403125 0.30625 0.4203125 0.3015625 0.41875 0.275
1 0.790625 0.6359375 0.790625 0.6546875 0.8015625 0.6578125 0.8046875 0.6375 0.790625 0.6359375
1 0.815625 0.165625 0.7984375 0.1609375 0.7859375 0.1671875 0.78125 0.175 0.7921875 0.1984375 0.81875 0.1890625 0.815625 0.165625
1 0.3109375 0.3421875 0.3078125 0.325 0.2765625 0.3265625 0.271875 0.33125 0.275 0.3453125 0.29375 0.35 0.3109375 0.3421875
0 0.2875 0.35 0.290625 0.5546875 0.2828125 0.753125 0.2875 0.759375 0.2828125 0.803125 0.2875 0.809375 0.2828125 0.8171875 0.2953125 0.8578125 0.3125 0.871875 0.3515625 0.875 0.38125 0.8875 0.3953125 0.909375 0.41875 0.90625 0.43125 0.8953125 0.4328125 0.88125 0.4703125 0.86875 0.521875 0.8703125 0.5921875 0.859375 0.5953125 0.865625 0.6359375 0.8765625 0.70625 0.8828125 0.79375 0.88125 0.815625 0.8703125 0.8265625 0.8578125 0.834375 0.815625 0.8375 0.4125 0.834375 0.209375 0.8171875 0.171875 0.796875 0.1640625 0.7890625 0.16875 0.6375 0.178125 0.49375 0.175 0.48125 0.1828125 0.471875 0.1765625 0.39375 0.1625 0.3359375 0.1625 0.30625 0.1765625 0.2921875 0.2125 0.290625 0.3046875 0.2859375 0.3234375 0.275 0.3328125 0.2875 0.35