1 0.3859375 0.2390625 0.415625 0.2171875 0.4265625 0.1921875 0.428125 0.165625 0.41875 0.1359375 0.40625 0.1234375 0.3859375 0.115625 0.359375 0.11875 0.3375 0.13125 0.3203125 0.1578125 0.321875 0.2015625 0.340625 0.228125 0.3640625 0.2390625 0.3859375 0.2390625
1 0.13125 0.1140625 0.1359375 0.103125 0.13125 0.075 0.1171875 0.0671875 0.1015625 0.0671875 0.0890625 0.0796875 0.0859375 0.1046875 0.09375 0.1171875 0.11875 0.121875 0.13125 0.1140625
1 0.7453125 0.6734375 0.80625 0.6375 0.8421875 0.60625 0.85625 0.5765625 0.8546875 0.5453125 0.8390625 0.525 0.821875 0.5171875 0.79375 0.515625 0.759375 0.525 0.7390625 0.5359375 0.70625 0.5671875 0.6765625 0.61875 0.6765625 0.646875 0.69375 0.671875 0.709375 0.678125 0.7453125 0.6734375
1 0.3828125 0.6328125 0.4078125 0.6265625 0.428125 0.6109375 0.4390625 0.5890625 0.440625 0.5609375 0.4328125 0.5328125 0.4171875 0.5171875 0.3828125 0.503125 0.33125 0.503125 0.3046875 0.5234375 0.2921875 0.5484375 0.2953125 0.596875 0.3078125 0.615625 0.3296875 0.628125 0.3828125 0.6328125
1 0.1953125 0.25625 0.2046875 0.24375 0.203125 0.221875 0.1828125 0.209375 0.1625 0.2171875 0.1578125 0.2265625 0.1625 0.2546875 0.171875 0.259375 0.1953125 0.25625
1 0.603125 0.19375 0.60625 0.1640625 0.59375 0.14375 0.5703125 0.1453125 0.553125 0.1640625 0.553125 0.184375 0.5671875 0.2 0.590625 0.2046875 0.603125 0.19375
1 0.303125 0.35625 0.30625 0.3359375 0.29375 0.31875 0.2671875 0.3140625 0.253125 0.328125 0.2515625 0.3515625 0.265625 0.36875 0.284375 0.3703125 0.303125 0.35625
1 0.5625 0.584375 0.5625 0.55625 0.54375 0.5375 0.5140625 0.5375 0.4984375 0.5546875 0.5 0.5859375 0.515625 0.6 0.54375 0.6015625 0.5625 0.584375
1 0.5171875 0.134375 0.5125 0.125 0.4953125 0.1234375 0.484375 0.134375 0.484375 0.1515625 0.490625 0.1578125 0.5140625 0.1546875 0.5171875 0.134375
1 0.515625 0.2203125 0.5203125 0.1921875 0.5109375 0.18125 0.4921875 0.178125 0.475 0.1890625 0.4734375 0.2046875 0.4828125 0.2234375 0.50625 0.228125 0.515625 0.2203125
1 0.6328125 0.21875 0.628125 0.1984375 0.60625 0.1953125 0.596875 0.2046875 0.5953125 0.2171875 0.60625 0.23125 0.628125 0.2296875 0.6328125 0.21875
1 0.440625 0.7359375 0.44375 0.7078125 0.4296875 0.690625 0.40625 0.6890625 0.3890625 0.7046875 0.3890625 0.7328125 0.403125 0.7453125 0.425 0.75 0.440625 0.7359375
1 0.725 0.7328125 0.7328125 0.7125 0.725 0.690625 0.6953125 0.6890625 0.68125 0.7 0.678125 0.7234375 0.684375 0.734375 0.7125 0.740625 0.725 0.7328125
0 0 0.9984375 0.9984375 0.9984375 0.990625 0.2140625 0.9796875 0.1390625 0.928125 0.046875 0.9109375 0.034375 0.88125 0.0296875 0.634375 0.04375 0.5546875 0.034375 0.3859375 0.0328125 0.16875 0.009375 0.0890625 0.0125 0.05 0.0296875 0.0203125 0.0796875 0.0109375 0.1109375 0.0078125 0.1875 0.015625 0.4166671875 0.0125 0.49375 0 0.5671875 0 0.9984375