1 0.2937320984375 0.3856385 0.29586488125 0.396479234375 0.2852694703125 0.40329309375 0.2782854265625 0.41930555468749997 0.27671843281249997 0.44911591875 0.2908434359375 0.449940303125 0.30956110468750003 0.47868759375 0.3092273703125 0.5021747484375 0.3007647421875 0.51982934375 0.338452040625 0.552276409375 0.376718396875 0.5659173984375 0.422214121875 0.5682270015625 0.4420081359375 0.5578017749999999 0.4609843984375 0.5317729625000001 0.47980374687499994 0.47289484374999996 0.47866553281249996 0.42132123281249995 0.4615966328125 0.3643239375 0.434831846875 0.331304446875 0.407488 0.317091034375 0.360677240625 0.31954428125 0.3469611125 0.326521690625 0.3367745765625 0.3411373421875 0.32141631406250004 0.34663616875000003 0.3007161421875 0.3696260375 0.2937320984375 0.3856385
1 0.5173827296875 0.622695909375 0.5445630265625 0.6337886046875 0.5492507375 0.6038146906249999 0.562721540625 0.5921562046875 0.5926136796875 0.5952835578125 0.59614990625 0.5731932109375 0.593287784375 0.518580659375 0.5762122484375001 0.491311953125 0.5598726875 0.4780864734375 0.5375370171875 0.46986917031250003 0.5033726765625001 0.47478893749999995 0.4751978109375 0.504429115625 0.46591079999999996 0.5362087140625 0.46902488125 0.565773753125 0.481255790625 0.5901670671875 0.5173827296875 0.622695909375
1 0.38104583281250004 0.6783449953125 0.3563320546875 0.65460588125 0.32972418281250004 0.654435696875 0.30590329375 0.6775891171875 0.303430140625 0.719964125 0.321984259375 0.745590696875 0.334712453125 0.7496175734375 0.361075 0.7451066828124999 0.384650565625 0.7172721875 0.38104583281250004 0.6783449953125
1 0.254179403125 0.616149434375 0.23529155 0.6140100171875 0.2172214453125 0.627474184375 0.21573622656250002 0.6588449078124999 0.22755826093749998 0.675436428125 0.2370021875 0.6765061375 0.2673916125 0.659267053125 0.267725346875 0.6357798984375 0.254179403125 0.616149434375
1 0.48402734843750006 0.3146444203125 0.48057289687500004 0.33829512500000003 0.48755030625 0.35201125312500003 0.5079985171875 0.354068896875 0.5198271875 0.340931828125 0.5135106125 0.3099699796875 0.4930624 0.3079123359375 0.48402734843750006 0.3146444203125
1 0.5822348984375 0.3673894203125 0.5802590296875 0.38939799062499997 0.5869093390625 0.396872684375 0.599392209375 0.39621848437499996 0.6129447875 0.3861203578125 0.6071188624999999 0.36452066250000004 0.59126995 0.3606573359375 0.5822348984375 0.3673894203125
1 0.4943575296875 0.392335253125 0.5117668 0.3961168046875 0.5161207765625 0.3896300453125 0.51357911875 0.3709875171875 0.49781198125000004 0.3686845484375 0.4905826125 0.380015934375 0.4943575296875 0.392335253125
1 0.45774873125 0.6790191 0.4404212375 0.67679790625 0.42547185 0.690098525 0.42489279062499996 0.7089046046874999 0.436714825 0.725496125 0.4571630375 0.7275537671875 0.470552065625 0.714334925 0.4712129 0.6970892046875 0.45774873125 0.6790191
1 0.6381027703125 0.62732175 0.6522277734374999 0.628146134375 0.6581421078125 0.6215776 0.6538765421875 0.5998961281249999 0.6366308218750001 0.59923529375 0.6309618109375 0.6104849046874999 0.6381027703125 0.62732175
1 0.3257105765625 0.6077067125 0.30838308125 0.60548551875 0.2964726359375 0.617062228125 0.29589357656250004 0.6358683078125 0.313793496875 0.6490120109374999 0.326194590625 0.646797453125 0.33490254375 0.633823934375 0.33408479375 0.6182203484375 0.3257105765625 0.6077067125
1 0.27767319218750003 0.5867545796875 0.27209259218750004 0.569835959375 0.2596097234375 0.570490159375 0.2537771640625 0.5786190515625 0.2592759890625 0.5939773140625 0.27767319218750003 0.5867545796875
1 0.53657114375 0.74999111875 0.5478207546875 0.7556601281249999 0.5584161640625 0.74884626875 0.557434865625 0.730121965625 0.5461852546875 0.7244529562500001 0.5385470125 0.7279825468750001 0.53657114375 0.74999111875
1 0.6408942328125 0.26261333593749997 0.6311232062500001 0.2553021921875 0.6187221125 0.25751675 0.6131348765625 0.27032671875 0.6169915687499999 0.284206396875 0.6251204609375 0.29003895625 0.63735800625 0.28470368125 0.6447509250000001 0.27649301406250004 0.6408942328125 0.26261333593749997
1 0.5199774671874999 0.40350972343749997 0.5283516859375 0.41402335937499996 0.5407527796875 0.4118088015625 0.54461610625 0.39595989062500003 0.5363236640625 0.3870066125 0.5269615109375 0.3874972625 0.5199774671874999 0.40350972343749997
1 0.21317914375 0.341356128125 0.224265203125 0.3439044203125 0.231821671875 0.3388144703125 0.2310039234375 0.3232108828125 0.2151550109375 0.31934755625 0.20932245156249998 0.32747645 0.21317914375 0.341356128125
1 0.2334439015625 0.42947882187499997 0.22950543437499998 0.414038784375 0.2123414890625 0.414938309375 0.2115171046875 0.4290633125 0.21824918906250002 0.43809836406249997 0.2334439015625 0.42947882187499997
1 0.2753569546875 0.6619788953125 0.2760929296875 0.6760221234375 0.28857579843750003 0.6753679234375001 0.28948195781249997 0.6628032796875 0.2753569546875 0.6619788953125
1 0.55218584375 0.3314127609375 0.5515316453125 0.3189298921875 0.535682734375 0.315066565625 0.533543315625 0.33395441875 0.5416722093749999 0.33978697812499997 0.55218584375 0.3314127609375
0 0.5167622171875 0 0 0.0270823609375 0 0.4832377734375 0.025551446875 0.9707884171875 0.055525360937500004 0.975476128125 0.0652963875 0.9827872718749999 0.0728007234375 1 0.5130929671875 1 1 0.9744822843750001 1 0.48690704374999993 0.9744822828125 0 0.5167622171875 0