1 0.46329580937500003 0.46558284375000003 0.4461814484375 0.43829371874999995 0.42716287968750005 0.42651312812500003 0.38161687031249997 0.42564348281250003 0.34249218125 0.43658191718749995 0.3026332953125 0.4663210109375 0.3098437859375 0.48452292343750003 0.3085383265625 0.50797614375 0.28786094375000004 0.5353477296875 0.2737128421875 0.5351847953125 0.273196553125 0.56503185 0.2790466109375 0.5814924875 0.2891409015625 0.589028846875 0.2862571015625 0.5996944 0.292107159375 0.6161550375 0.311153215625 0.6405328765625 0.3260904859375 0.6470896453125 0.335232671875 0.662380271875 0.34842866875 0.6702974734375 0.3949542703125 0.6760100984374999 0.42322298593749996 0.66373871875 0.4522258984375 0.632666678125 0.47322915 0.5769988921875 0.47796218437500004 0.5256303109375 0.46329580937500003 0.46558284375000003
1 0.5990347218750001 0.41140895312500003 0.568997246875 0.412443515625 0.5563725125000001 0.3998737546875 0.5537870953125 0.36964585781250003 0.5258992203124999 0.3788155296875 0.48759118749999997 0.4087450453125 0.47368848124999996 0.432225753125 0.46851963124999996 0.461501546875 0.4755671875 0.493851559375 0.5016058265625001 0.525384915625 0.535343759375 0.53267588125 0.55819823125 0.526036653125 0.5754205515625 0.51398318125 0.5943566609375 0.4879720296875 0.6010213906249999 0.4336921625 0.5990347218750001 0.41140895312500003
1 0.3785111921875 0.24579946718749998 0.352527528125 0.2394606046875 0.3395494375 0.2425897984375 0.319252896875 0.2668596765625 0.31876409375 0.3093039796875 0.34091185625 0.33406266093750003 0.367466784375 0.3357489609375 0.3937763171875 0.3137916203125 0.4000876921875 0.2752107078125 0.3785111921875 0.24579946718749998
1 0.2499552828125 0.305578021875 0.24045974218750002 0.3059863515625 0.2275091390625 0.3217127921875 0.22680242968750003 0.3531107015625 0.243889303125 0.367802578125 0.262880384375 0.366985921875 0.2777626828125 0.34834819375000003 0.2790681421875 0.3248949734375 0.2499552828125 0.305578021875
1 0.4977993953125 0.646133571875 0.47725745937499997 0.64675980625 0.4693402578125 0.659955803125 0.47113650625 0.6837898671875 0.4796799421875 0.6911358046875 0.500221878125 0.69050956875 0.5086828546875 0.6600637640625 0.4977993953125 0.646133571875
1 0.5919106625 0.610461959375 0.579503834375 0.6089385921875 0.5723483171875 0.6159311749999999 0.5727841312499999 0.6380239640625 0.58132756875 0.645369903125 0.597407365625 0.6426215515625 0.6047258171875 0.6214808671875 0.5919106625 0.610461959375
1 0.5044916109375001 0.6044509515625001 0.48686096093750003 0.60700888125 0.4822358875 0.6190348671875 0.488657209375 0.6308429453125 0.504546584375 0.629645446875 0.5083824875 0.6112256265625 0.5044916109375001 0.6044509515625001
1 0.473140734375 0.2700123859375 0.4525987984375 0.270638621875 0.439648196875 0.2863650625 0.438914 0.3051657234375 0.452899165625 0.319476759375 0.4703393953125 0.3184696828125 0.48503127187499995 0.3013828078125 0.4855750484375 0.284133 0.473140734375 0.2700123859375
1 0.6607959765625 0.382784896875 0.646647875 0.38262196249999997 0.6383498328125 0.398919665625 0.6432203000000001 0.41053732343749993 0.6604701078125 0.4110810984375 0.66623770625 0.38974999375 0.6607959765625 0.382784896875
1 0.33685804531249997 0.34143608593749997 0.3246416390625 0.338361865625 0.3058684640625 0.3502249171875 0.30513426718750003 0.369025578125 0.3162081484375 0.38140491718749997 0.3336483765625 0.38039784062500004 0.3427355890625 0.370493971875 0.3446397984375 0.3549854375 0.33685804531249997 0.34143608593749997
1 0.26641790625 0.3894595515625 0.2598611375 0.4043968234375 0.265112446875 0.41291277343750005 0.2775192734375 0.414436140625 0.2842664625 0.39794801562500004 0.26641790625 0.3894595515625
1 0.5655382140625 0.2482984546875 0.5539205578125 0.253168921875 0.554356371875 0.2752617109375 0.561729796875 0.279315521875 0.5733474546874999 0.274445053125 0.5756325046875 0.2558348140625 0.5655382140625 0.2482984546875
1 0.6101695328125001 0.7181775515625 0.60165358125 0.723428859375 0.5968380875 0.7370056984375 0.601518134375 0.750174209375 0.613734540625 0.7532484296875 0.6239917640625 0.7466366875 0.628807259375 0.7330598484374999 0.6220050968749999 0.7243534781250001 0.6101695328125001 0.7181775515625
1 0.5222851953125 0.58774491875 0.51319798125 0.5976487890625 0.519048040625 0.6141094265625 0.5283531609375001 0.6152519515625 0.537249953125 0.6068989359375 0.5345016015625 0.5908191390625 0.5222851953125 0.58774491875
1 0.214048203125 0.6364810515625 0.2028113875 0.6382498125 0.1979958921875 0.6518266500000001 0.20324720156249998 0.6603426015625 0.2193269984375 0.6575942484375 0.22123120625 0.642085715625 0.214048203125 0.6364810515625
1 0.2146174796875 0.542096903125 0.2072715421875 0.550640340625 0.2071086078125 0.5647884421875 0.22416799375 0.5668830703125 0.22917390937499998 0.551755378125 0.2146174796875 0.542096903125
1 0.2889170375 0.308787690625 0.28720325 0.3227453703125 0.30135135156250004 0.3229083046875 0.301323865625 0.3103110578125 0.2889170375 0.308787690625
1 0.5303948015625 0.66272965625 0.5218788515624999 0.667980965625 0.5226955078125 0.6869720484374999 0.5387753046875 0.684223696875 0.540298671875 0.67181686875 0.5303948015625 0.66272965625
0 0.05921160156250001 0 0 0.48223979375 0 0.9407883984375 0.4822397984375 1 0.9423626328125 1 1 0.5305813078125 1 0.0576373671875 0.5305813078125 0 0.05921160156250001 0