1 0.678035425 0.5828429703125 0.6664996640624999 0.5486640921875 0.6538106828125 0.5379464125 0.6444371109375 0.5381100296875 0.58572561875 0.5766405546875 0.5643175296875 0.6035807796875 0.5508843671875 0.63975823125 0.5535101359375 0.70065918125 0.57441946875 0.73467444375 0.5949742984374999 0.7483803 0.6277818015625 0.7478076421875001 0.657246625 0.734791428125 0.6694174890625 0.715826128125 0.6803884984375 0.6281213 0.678035425 0.5828429703125
1 0.631136746875 0.3133079140625 0.6135973625 0.2932984703125 0.5946047937500001 0.2795653453125 0.5616064046875 0.26920216875 0.528798903125 0.269774825 0.519588946875 0.2793120140625 0.504948025 0.335826140625 0.512233309375 0.39508302031250003 0.5319621515625 0.4509972203125 0.5506820265625 0.449107725 0.55983744375 0.4364460125 0.6092299015625 0.40120362812500004 0.6274316578125 0.3696311546875 0.6362598421875 0.33822229843749996 0.631136746875 0.3133079140625
1 0.441549746875 0.37443847343750003 0.442348465625 0.33066786718749996 0.38167357812499997 0.256715528125 0.360246128125 0.1930172859375 0.338101765625 0.1777764375 0.295920690625 0.1785127109375 0.2758294390625 0.19136530937500001 0.2608067453125 0.22600776718749999 0.2618429828125 0.285373725 0.2896830984375 0.35833645937499997 0.3055511421875 0.372124125 0.3401117921875 0.38246003281249996 0.37332833593750003 0.40532130468750005 0.3999685984375 0.4095445125 0.42488298281250003 0.404421415625 0.441549746875 0.37443847343750003
1 0.41795574843749994 0.63426481875 0.39392189218749996 0.6003040953125 0.2954448453125 0.5988975421875 0.2752717859375 0.6070633546875001 0.26458137656249997 0.6213145984375 0.2589049859375 0.654231178125 0.268905753125 0.6899995890625 0.286581484375 0.7178203421875 0.31182310156250004 0.7314443890625 0.3602532234375 0.7305990390625 0.388128515625 0.71604783125 0.41729337656250004 0.685846734375 0.41795574843749994 0.63426481875
1 0.4625408875 0.41314052187500006 0.44546508281249997 0.41968953437499995 0.43636420468750003 0.4354757703125 0.43397595468750005 0.47771138437499994 0.44235992187499995 0.5103825390625001 0.45825523593749995 0.525732465625 0.49109000781249995 0.5267220703125 0.5106358703125 0.4826242328125 0.5083646046875 0.4420326890625 0.487700696875 0.422077784375 0.4625408875 0.41314052187500006
1 0.4088398671875 0.2015455078125 0.398258534375 0.2220458 0.3987221140625 0.24860425468749997 0.441939425 0.3072339375 0.4732119359375 0.30825081249999997 0.4901786625 0.295452753125 0.49253964375 0.2516548765625 0.438577384375 0.20415191406250002 0.4212834234375 0.198202828125 0.4088398671875 0.2015455078125
1 0.597440809375 0.4420405953125 0.5915735328125 0.4640213421875 0.605107865625 0.52316914375 0.63004951875 0.519608309375 0.6808951624999999 0.4780896078125 0.6833652203125 0.4405407796875 0.6593040953125 0.40501779375 0.62811339375 0.40868770625 0.597440809375 0.4420405953125
1 0.5253621500000001 0.6995877671875 0.506642275 0.7014772625 0.488304171875 0.725238425 0.48775087656249994 0.7830693890625 0.496107575 0.8141782828125 0.5120574265625 0.8326527328125 0.5573902953125 0.8334241828125 0.5666002515625 0.8238869953125001 0.5723039109375 0.7925326765625 0.5507946515625 0.72414765 0.5253621500000001 0.6995877671875
1 0.37636669375 0.7584470609375 0.36688404375 0.7523616296875 0.34816416875 0.7542511249999999 0.32201475468749996 0.778148634375 0.3160384 0.79388033125 0.31504879531249996 0.826715103125 0.328037740625 0.854617665625 0.3453862390625 0.8636912734375001 0.3796196578125 0.8552800375 0.3933255140625 0.8347252062500001 0.39760325937499996 0.8112094687500001 0.39406969375 0.7878300765625 0.37636669375 0.7584470609375
1 0.332647078125 0.491981990625 0.3172971515625 0.5078773046875 0.3115116828125 0.5345448359375 0.3198411109375 0.5640914671874999 0.335736425 0.57944139375 0.35760809375 0.579059621875 0.372794403125 0.5537907359375 0.3735931234375 0.5100201296875 0.349831959375 0.4916820265625 0.332647078125 0.491981990625
1 0.4537435203125 0.7149025171875001 0.4381481703125 0.7167374734374999 0.42427869687499997 0.7279187328125001 0.41369736562500004 0.7484190234375 0.41588682343750005 0.78432378125 0.42717715937499995 0.8044423015625 0.4554887609375 0.8148872875000001 0.4708932265625 0.802116496875 0.476733234375 0.7785734890625 0.47273608906250003 0.72863564375 0.4537435203125 0.7149025171875001
1 0.5288297203125001 0.5401279640625 0.5164134328125 0.5450329046875 0.50268030625 0.5640254734375 0.5016634328125 0.5952979828125 0.5082397125 0.6139360500000001 0.5192846249999999 0.6199942125 0.545788540625 0.616406109375 0.56250984375 0.589547690625 0.5604567328125001 0.56145424375 0.5413823546875001 0.5430343328125 0.5288297203125001 0.5401279640625
1 0.3711037015625 0.456930490625 0.368279140625 0.4741699125 0.37965128593749997 0.49897521874999995 0.393847990625 0.5065411046875 0.4125133265625 0.5015270859375 0.41994286562500005 0.47951907031249996 0.41142255156249996 0.4390366046875 0.383274565625 0.4379651921875 0.3711037015625 0.456930490625
1 0.43388623906249996 0.562100803125 0.43119802500000004 0.587151534375 0.4441051625 0.6103673093750001 0.4676481703125 0.616207315625 0.484614896875 0.60340925625 0.49020947968749995 0.565805890625 0.47735688125 0.5457146390625 0.4507438890625 0.5430536953125 0.43388623906249996 0.562100803125
1 0.535577525 0.4790633984375 0.5280116390625 0.493260103125 0.5267220703125 0.5089099921875 0.5364774140625 0.5306180453125 0.5521545734375 0.533469875 0.564516321875 0.525440409375 0.5702472515625 0.495648353125 0.5589841859375 0.47709209531249996 0.54643155 0.47418572656249997 0.535577525 0.4790633984375
1 0.5793718515624999 0.212633503125 0.590743996875 0.237438809375 0.612670203125 0.24018156249999997 0.626376059375 0.21962673124999998 0.6210348078125 0.18221425156249998 0.5974099921875 0.1716874578125 0.57904461875 0.19388635781250002 0.5793718515624999 0.212633503125
1 0.650928034375 0.283270434375 0.662027484375 0.2924531203125 0.6744983125 0.290672703125 0.6850523749999999 0.2686101484375 0.67823066875 0.23591172343750003 0.664061234375 0.2299081 0.64709450625 0.242706159375 0.650928034375 0.283270434375
1 0.6040945390625 0.8232325296875 0.6167289828125 0.8308256843749999 0.6353397796875 0.8226871421874999 0.6428511265625 0.8053659124999999 0.636002153125 0.7711052265625 0.6124864140625 0.76682748125 0.5987260187500001 0.7842577875 0.6040945390625 0.8232325296875
1 0.29990202187500004 0.40660296718750005 0.28767661875 0.42244374218749997 0.28490659687500003 0.44280768750000005 0.2945528625 0.45826669062500003 0.29932145625 0.46287166874999996 0.3164518 0.45944718125 0.3256344875 0.44834773125 0.32511636875 0.418664753125 0.3155519109375 0.407892534375 0.29990202187500004 0.40660296718750005
1 0.4481568453125 0.6634296796875 0.446921815625 0.6822040921875 0.45813034375 0.6976358265625 0.47846701875 0.6988435875000001 0.48614198281250004 0.6908959296875 0.48888473593750004 0.6689697234375 0.47605940625 0.6504407343749999 0.46043678593750004 0.650713428125 0.4481568453125 0.6634296796875
1 0.6882464406250001 0.72018568125 0.7071572015625 0.7292320218749999 0.7211084828125001 0.7227375484375 0.7256316515625 0.71328216875 0.7220162796875 0.6852159906249999 0.700062803125 0.6809109765625 0.686138790625 0.6889677109375001 0.6882464406250001 0.72018568125
1 0.7084353140624999 0.5338674609375 0.7206607171875 0.518026684375 0.71704534375 0.4899605078125 0.6966813984375 0.48719048593750003 0.6874987124999999 0.4982899359375 0.6911686234375 0.5294806375000001 0.7084353140624999 0.5338674609375
1 0.2835035921875 0.810075609375 0.294084925 0.7895753171875 0.2842750421875 0.764742740625 0.27172240625 0.7618363718750001 0.257880203125 0.7745798921875 0.259960584375 0.8042356015625 0.2835035921875 0.810075609375
0 0.5484396281249999 0 0.1678855578125 0.005720915625 0.15409789375 0.021588959375 0.174288246875 1 0.41483425 1 0.84614753125 0.9924713984375 0.8289326421875 0.095760265625 0.832037803125 0.0050672609375 0.8227187703125001 0.0083554015625 0.8162213156250001 0 0.5484396281249999 0