0 0.0693012703125 0 0 0.49310415937499996 0 0.9329866203125 0.4768249703125 1 0.93464336875 1 1 0.534963403125 1 0.06575109375 0.532156653125 0 0.0693012703125 0
1 0.43448680937499995 0.2588479515625 0.421598278125 0.22705732968749998 0.410524675 0.21603390312499998 0.30639598281249997 0.1935102921875 0.275910109375 0.197115059375 0.2571753015625 0.2181498875 0.243283078125 0.328225209375 0.2502249796875 0.3686472203125 0.26482808750000003 0.377010975 0.3855170078125 0.39397269687500003 0.4005299421875 0.38819334843750003 0.4128581171875 0.3678359828125 0.4200091421875 0.3057267703125 0.43448680937499995 0.2588479515625
1 0.7602966015625 0.6912121484375 0.7487379062499999 0.6611862796875 0.730797665625 0.6428863875 0.6582923125 0.63111856875 0.608778909375 0.6241599140625 0.594200890625 0.6268446734374999 0.5831774625 0.6379182765625 0.5644509890625 0.7599370328124999 0.5711503453125 0.790857821875 0.6459055421875 0.820298246875 0.683258053125 0.8239699453125 0.72897431875 0.8130385359375 0.753413209375 0.773871096875 0.7614591546875 0.716621225 0.7602966015625 0.6912121484375
1 0.339441090625 0.4411442390625 0.322471034375 0.46084923125 0.3168171265625 0.5010788703125 0.3374421265625 0.53395678125 0.388502825 0.5411328953125001 0.42203310937499994 0.5158660125 0.4285568484375 0.46944719687500003 0.403072509375 0.43746420625000004 0.36151303281249997 0.430045546875 0.339441090625 0.4411442390625
1 0.2349276578125 0.44381224531249996 0.2217045640625 0.459310271875 0.2182252359375 0.4840669734375 0.2330708890625 0.50193195 0.25562792343749996 0.5098357 0.28212428749999996 0.5009366765625 0.29155024531249996 0.4675485859375 0.2846585203125 0.44922360625 0.248175840625 0.43936273281249993 0.2349276578125 0.44381224531249996
1 0.748085615625 0.373924890625 0.7136604109375 0.3943324328125 0.7073290421875 0.4281554390625 0.7144633140625001 0.455981640625 0.7379152671875 0.46874473125 0.765984015625 0.47111168125 0.7951149640625 0.454693646875 0.8040809171875001 0.41335162812500004 0.783673375 0.3789264234375 0.748085615625 0.373924890625
1 0.7304715203125001 0.4992556921875 0.699140903125 0.5200981515625 0.6930269921875001 0.5523738640625 0.7048031453125 0.5808524390625001 0.7457102484375 0.5929129796875 0.7602882656250001 0.5902282203125 0.781682746875 0.5727228953125 0.7886664890625 0.5342580078125 0.7627472328125 0.505369603125 0.7304715203125001 0.4992556921875
1 0.6084778515625 0.491577734375 0.587083371875 0.509083059375 0.583169128125 0.5369343484375 0.5995620749999999 0.5550167828125 0.6252136968750001 0.56335545 0.636697128125 0.5602357734375001 0.6497027640625 0.546285040625 0.6538344656249999 0.5168864578125001 0.6440656109375 0.49657926718749995 0.6084778515625 0.491577734375
1 0.48098080468750004 0.59042050625 0.466185328125 0.594652559375 0.446120684375 0.6139226359375 0.442206440625 0.6417739250000001 0.45751209687500005 0.667592828125 0.489787809375 0.6737067406249999 0.5169114609375 0.6491173203125 0.5192784109375 0.6210485718750001 0.5132816046875 0.60758293125 0.496236284375 0.5941423796875 0.48098080468750004 0.59042050625
1 0.2551344125 0.6817526 0.204291171875 0.6730291937499999 0.1862087390625 0.689422140625 0.1807722890625 0.7281044875 0.193200815625 0.7519411796875 0.203162040625 0.7596525609375 0.23101333125 0.7635668046874999 0.260604284375 0.7551026984375 0.26763820312500003 0.7387348390625 0.26976260625 0.7011648703125 0.2551344125 0.6817526
1 0.500978603125 0.3470855421875 0.484418375 0.35264743125 0.47632225312500004 0.38780027499999997 0.4829965203125 0.4076725484375 0.5159496953125 0.42019309375 0.5380216375 0.40909440156250004 0.5481501453125001 0.393161459375 0.544762834375 0.3611282921875 0.5241880109375 0.3503474125 0.500978603125 0.3470855421875
1 0.8198046515625 0.817914628125 0.8310706250000001 0.8163422468749999 0.83807945625 0.7889258734375 0.8252411015625001 0.77923228125 0.810010709375 0.7865589234375 0.8087310484374999 0.8068912015624999 0.8198046515625 0.817914628125
1 0.44397952656250006 0.7414280171875001 0.4431347828125 0.7586657078125 0.4615099390625 0.7738710125 0.47940000312500003 0.770073875 0.4837491625 0.7391279984375 0.4735704796875 0.7329639109375 0.4528032859375 0.7347788390625001 0.44397952656250006 0.7414280171875001
1 0.32570773124999997 0.718494578125 0.3204385640625 0.7335326015625 0.3288775828125 0.7520750390625001 0.3472276515625 0.7562318296874999 0.36091075 0.7486877296875 0.36661483437500003 0.73055511875 0.3588532765625 0.7184193140625 0.337626078125 0.7122803156249999 0.32570773124999997 0.718494578125
1 0.343949028125 0.8693766500000001 0.349218196875 0.8543386281249999 0.344768684375 0.8410904453124999 0.323324028125 0.8364987390625 0.3123006015625 0.8475723421874999 0.3081438125 0.8659224109375 0.343949028125 0.8693766500000001
1 0.74571033125 0.301009709375 0.7554791875 0.3213168984375 0.78553014375 0.32080671875 0.7910167703125001 0.304221403125 0.78477741875 0.281254540625 0.760673090625 0.27313333125 0.74877983125 0.290396109375 0.74571033125 0.301009709375
1 0.502952478125 0.243224484375 0.493718890625 0.264016765625 0.508807090625 0.29138296406249997 0.5249574906250001 0.29996417656249996 0.5518887718750001 0.287970565625 0.558027771875 0.2667433671875 0.55311825625 0.24554125781249997 0.5188352453125 0.2312559609375 0.502952478125 0.243224484375
1 0.6296131171875 0.26260333125 0.6236915749999999 0.2822832359375 0.6314782203125 0.3054675546875 0.6529228765624999 0.3100592609375 0.6710303984375 0.3047148296875 0.6774119437499999 0.2929888515625 0.6751370125 0.26426773125 0.6534498109375 0.2501748046875 0.6296131171875 0.26260333125
1 0.6137637734375 0.3866042984375 0.609389525 0.40650165937500005 0.614299040625 0.4277037703125 0.641932871875 0.4331653078125 0.6589280171875 0.42450882968750003 0.6637371796875 0.4015168796875 0.65928766875 0.388268696875 0.63716555 0.37727035781249996 0.6137637734375 0.3866042984375
1 0.11662235624999999 0.6007496328124999 0.13296512656249998 0.5967350375 0.1364444546875 0.5719783359374999 0.13134256875 0.563372034375 0.10283890468750001 0.564099671875 0.10068941406250001 0.5906211265625 0.11662235624999999 0.6007496328124999
1 0.22336054375 0.6047057171875 0.2273500515625 0.6099999734375 0.24393536875000002 0.6154865984375 0.2507769171875 0.6117145484375001 0.2573508328125 0.5873927640625001 0.2535787828125 0.5805512140625 0.2277347921875 0.58480835625 0.22336054375 0.6047057171875
1 0.52816085 0.153673809375 0.53657478125 0.16116773281250002 0.5522651765625 0.16179501875 0.5648358984375 0.1509388734375 0.554849584375 0.13217897812499999 0.540923940625 0.13022185625 0.5305528875000001 0.136653578125 0.52816085 0.153673809375
1 0.177527340625 0.0775719390625 0.1687035828125 0.08422111875 0.16698900625 0.107647984375 0.1798273609375 0.117341575 0.197282509375 0.11663902500000001 0.21028814687500003 0.1026882921875 0.2087157640625 0.0914223203125 0.197424703125 0.0819461875 0.177527340625 0.0775719390625
1 0.47991026718749996 0.5082215609375 0.4863419890625 0.5185926140625 0.49983271875 0.5236443234375 0.5117510656250001 0.5174300609375 0.5114834312500001 0.49688032499999996 0.49644540781249996 0.49161115625 0.486509271875 0.494948290625 0.47991026718749996 0.5082215609375
1 0.768668859375 0.193786428125 0.7898960578125 0.199925428125 0.7982849 0.1963708359375 0.8042064421875 0.17669093281249998 0.7964448843749999 0.164555128125 0.781189403125 0.16083325312500002 0.771035809375 0.16571768125 0.768668859375 0.193786428125
1 0.29430201875 0.12238495 0.3139819234375 0.1283064921875 0.32609263906249997 0.10949641875 0.3194434609375 0.1006726609375 0.3010933921875 0.0965158703125 0.294034384375 0.1018352140625 0.29430201875 0.12238495
1 0.8416257140625 0.6963307875 0.856421190625 0.692098734375 0.8596830593749999 0.6688893265625 0.8430977437499999 0.6634027 0.83006701875 0.6663049187500001 0.8252578546875 0.68929686875 0.8416257140625 0.6963307875
1 0.6503970640625 0.1708529890625 0.6619055828125 0.17878182812500001 0.6760486859375 0.17919165625 0.6815603984374999 0.1736548546875 0.6828400593749999 0.15332257656249998 0.6730962921875 0.14406390156249999 0.655206228125 0.1478610390625 0.6503970640625 0.1708529890625
1 0.153071696875 0.20667479218749998 0.1502196546875 0.21574109687499998 0.1597459640625 0.22654706562500002 0.176766196875 0.22893910312500002 0.183825203125 0.223619759375 0.1840175734375 0.2110239515625 0.1771509359375 0.2037474859375 0.1588008671875 0.1995906953125 0.153071696875 0.20667479218749998
1 0.8759004734375001 0.317728884375 0.8838794890624999 0.3283173953125 0.8962578406249999 0.33005705937499996 0.9035343046875 0.323190421875 0.901719378125 0.302423228125 0.8882286484374999 0.29737151875 0.8794048890624999 0.3040206984375 0.8759004734375001 0.317728884375
1 0.13437031093750001 0.3397420625 0.1396896546875 0.3468010703125 0.1580397234375 0.350957859375 0.1715053640625 0.3449610546875 0.1665958484375 0.32375894375000003 0.143386440625 0.320497075 0.1392045625 0.327798628125 0.13437031093750001 0.3397420625
1 0.4329060921875 0.14659804999999998 0.44040001562500003 0.13818411875 0.44368697343749997 0.12602322500000002 0.43549049999999995 0.11698200781250001 0.4007976609375 0.11683981406249999 0.40350750937499996 0.1424663484375 0.4329060921875 0.14659804999999998