1 0.24901856718749998 0.62635600625 0.27190872499999996 0.6616209859375 0.30260624687500004 0.6775568328125 0.333960365625 0.679358884375 0.372632990625 0.664918328125 0.39993722656249997 0.6423492890625 0.4304190375 0.59971783125 0.4410828578125 0.552365534375 0.4198270125 0.49679370624999997 0.381748653125 0.45754117499999997 0.353893228125 0.4436374484375 0.305074359375 0.44223320624999995 0.2669672828125 0.46309124375 0.2563178203125 0.48038825625000003 0.242490784375 0.5177476875 0.23572346562500002 0.570463059375 0.24901856718749998 0.62635600625
1 0.6842810734375 0.7348442328125 0.7178973828124999 0.7623162078125 0.7485182140625 0.7687480484375 0.7797956421875 0.7610460921875 0.8048233296875 0.7428624140625 0.824334559375 0.7095672234375 0.829467565625 0.6771587 0.8222544671875 0.6427947453125 0.798875453125 0.6106162921875 0.7754053875 0.5989891140625 0.7302385921875 0.6044912109375 0.6954624703125 0.6242948421875 0.6819709109375001 0.639559734375 0.6708949234375 0.6995025640625 0.6842810734375 0.7348442328125
1 0.5743690265625 0.579803896875 0.5886562015625 0.5994685078125 0.6203314390625 0.609231303125 0.6447025296875 0.6051814203125 0.6743600046875 0.587731028125 0.69135025625 0.5603644625 0.69753766875 0.53128689375 0.6910578562499999 0.49229314999999996 0.6553327375 0.45815926406249996 0.6308849578125 0.452705140625 0.6113880859374999 0.45594504531249996 0.580508465625 0.481111753125 0.5650471171875 0.5387780328125 0.5743690265625 0.579803896875
1 0.7015539375000001 0.4559881234375 0.7338714125 0.48167240624999996 0.755232665625 0.4866376734375 0.788863334375 0.4840543640625 0.830622484375 0.47010266562499997 0.8673540375 0.4379529296875 0.8908528203125 0.3894695390625 0.8900715625 0.3244847515625 0.8771742687499999 0.28605655625000004 0.8562251828124999 0.26850075625000003 0.8304785703125 0.26125893906250003 0.77434119375 0.2760973046875 0.7385873562499999 0.3020739875 0.7052634484375 0.342673325 0.6898931484374999 0.37978832812499996 0.687769978125 0.4031817015625 0.7015539375000001 0.4559881234375
1 0.447605746875 0.5011934265625 0.4710758109375 0.512820603125 0.497800140625 0.5138893671875 0.5177858703125 0.5075629359375 0.542736865625 0.47987525 0.5458377515625 0.4503088234375 0.534804840625 0.4200858 0.5112580859375 0.398954615625 0.48656587812499996 0.39504375468749997 0.46633571875 0.40291344999999995 0.43813045781250004 0.4411595484375 0.436405096875 0.4820176734375 0.447605746875 0.5011934265625
1 0.3189108609375 0.2150380625 0.34375644843750003 0.23795693906249998 0.37283401718750003 0.24414435 0.4067091140625 0.240017778125 0.429949109375 0.22313293281250002 0.447183790625 0.194223103125 0.45224010625 0.1523105734375 0.444782578125 0.11948988125 0.40986743593749997 0.09023021406250001 0.38184427187500003 0.0873737578125 0.362102971875 0.09215692656249999 0.339351834375 0.1059552453125 0.3195194859375 0.1312896921875 0.30836680781250003 0.18172851406249999 0.3189108609375 0.2150380625
1 0.50278923125 0.2726371171875 0.5201629328124999 0.2927905859375 0.5333190140624999 0.29962023437499996 0.56158660625 0.300933428125 0.5856365765625 0.2889228015625 0.5973404437500001 0.27495674375 0.60824869375 0.226061184375 0.584548559375 0.1859219875 0.56855038125 0.1770602171875 0.5433693140625 0.17623588125 0.5264701109375001 0.183051171875 0.5096475984375 0.19937046875 0.499304896875 0.254683509375 0.50278923125 0.2726371171875
1 0.627975634375 0.2513333 0.6555866296875 0.2667802890625 0.6697204265625001 0.2674368859375 0.7073386453125 0.24966537500000002 0.717743678125 0.2339116265625 0.7210889921875 0.2028019375 0.6984432640625 0.16599369375 0.6709089578125 0.1600507109375 0.6435280328124999 0.17311574375 0.6280043531249999 0.19122273125 0.6198615109375 0.2326464046875 0.627975634375 0.2513333
1 0.246305703125 0.353826328125 0.270264625 0.36236697812499996 0.2878971140625 0.3509219 0.2945733828125 0.31875780468750003 0.282318328125 0.296251096875 0.2578705484375 0.290796971875 0.236907103125 0.30329645625 0.2322629546875 0.3326184546875 0.246305703125 0.353826328125
1 0.8441378671875001 0.234946778125 0.8778452250000001 0.24186747656250002 0.898243121875 0.22295051093749998 0.9039416765625001 0.19695946875 0.8888445234375 0.1724206390625 0.863097909375 0.1651788234375 0.83400598125 0.1890466953125 0.8313939546875 0.21552659687500003 0.8441378671875001 0.234946778125
1 0.4732946 0.1192598109375 0.489292778125 0.12812158125 0.5067575296875 0.127723771875 0.5235800421875 0.11140447499999999 0.527246475 0.0882555296875 0.5224633062499999 0.0685142296875 0.51572470625 0.061119032812499995 0.48437058750000006 0.059316982812499995 0.4693357671875 0.0743374453125 0.46566933437499997 0.097486390625 0.4732946 0.1192598109375
1 0.6034175515625 0.136705309375 0.6268109265625 0.13882847812500002 0.6388359125 0.13282316562500002 0.646811015625 0.1024467625 0.6404845828125 0.0824610328125 0.616036803125 0.0770069078125 0.60401181875 0.083012221875 0.5935157359375001 0.1193172484375 0.6034175515625 0.136705309375
1 0.337938128125 0.3446098265625 0.365472434375 0.350552809375 0.37742072968749996 0.3350434890625 0.3815760203125 0.3088080171875 0.37630399375 0.2921532421875 0.3662344390625 0.2858124515625 0.3365002734375 0.2937588375 0.32886064843749996 0.3020407 0.3274707640625 0.32080428437499997 0.337938128125 0.3446098265625
1 0.421700859375 0.31516316718750004 0.435666915625 0.32686703437500003 0.451099546875 0.32931132343749997 0.46466779531249996 0.32355043906250003 0.479381496875 0.30056923125 0.4770426171875 0.2653953015625 0.4546269578125 0.2570990796875 0.43179913125 0.261393390625 0.42009526406250003 0.27535944687499997 0.41642883125 0.29850839375 0.421700859375 0.31516316718750004
1 0.5339279625 0.72526843125 0.560240125 0.738927728125 0.572586228125 0.740883159375 0.5946040796875 0.7317146296875 0.6149252859375001 0.7032936578125 0.611532 0.664788771875 0.5848987203125 0.6431687312500001 0.5510236234375 0.647295303125 0.53200125 0.6775039671875 0.5276782203125 0.7147867078125001 0.5339279625 0.72526843125
1 0.47285403906249995 0.70135748125 0.50112163125 0.7026706734375 0.5181885734375 0.6848081140625 0.5233982687500001 0.661903596875 0.5018069453125 0.628426309375 0.475082615625 0.6273575453125 0.4589933890625 0.639047053125 0.45288266874999994 0.677628628125 0.47285403906249995 0.70135748125
1 0.2611248140625 0.280238559375 0.287360284375 0.28439385 0.3006074140625 0.270672221875 0.30321944218749997 0.244192321875 0.285112453125 0.2286686421875 0.26634886875 0.227278759375 0.2548894296875 0.23970155312500002 0.25097856875 0.2643937625 0.2611248140625 0.280238559375
1 0.3977086484375 0.716349225 0.420613165625 0.7215589203125 0.43467027187499996 0.7127115109375 0.43833670468749997 0.689562565625 0.42738048281249996 0.6688435484374999 0.41145899531249996 0.6694857859375001 0.3925276703125 0.6791431734375 0.392436621875 0.69969445 0.3977086484375 0.716349225
1 0.5161228390625 0.5879803515625001 0.5317998984375001 0.588881378125 0.5471558390625 0.581821659375 0.5554520609375 0.559406 0.54701681875 0.5327583609375 0.5269543984375 0.5295807859375 0.5111096015625 0.5397270296875 0.5026456406250001 0.573189959375 0.5161228390625 0.5879803515625001
1 0.4409869140625 0.413136384375 0.455853996875 0.40916319218749997 0.4675578640625 0.395197134375 0.466028959375 0.36489742187499996 0.45466057031249996 0.3567689390625 0.4371958203125 0.357166746875 0.42394869062499996 0.370888375 0.42052668593750003 0.3924940578125 0.4409869140625 0.413136384375
1 0.33334652187499997 0.093930259375 0.3618585421875 0.093700190625 0.3765722453125 0.070718984375 0.3730879109375 0.052765375 0.35091668125000003 0.042925890625000004 0.334506334375 0.046654653125 0.32434573125 0.0608651390625 0.324743540625 0.078329890625 0.33334652187499997 0.093930259375
1 0.5937653843749999 0.78695098125 0.615859925 0.7872864578125001 0.6242328359375 0.77437480625 0.6243238859375 0.7538235296875 0.6101134 0.743662925 0.59086095625 0.74535956875 0.5827324734375 0.7567279578125 0.58158701875 0.7739482796875 0.5937653843749999 0.78695098125
1 0.5325044671875 0.6443621562499999 0.5479370968749999 0.6468064453125 0.562727490625 0.6333292453125 0.5654162078125 0.6163533515624999 0.5565687968749999 0.6022962453125 0.5382940703125 0.5978198375 0.5222048421875 0.60950934375 0.520814959375 0.6282729296875 0.5325044671875 0.6443621562499999
1 0.729198546875 0.571104971875 0.7436534609375001 0.5797223125000001 0.7621726171875001 0.582655459375 0.780615084375 0.5760845984375 0.7929755468749999 0.5479847453125 0.781132659375 0.512887503125 0.7602602640625 0.5048357109375 0.7320693609375 0.513026525 0.7257285703125 0.5230960796875 0.7218943984374999 0.5572922953125 0.729198546875 0.571104971875
1 0.7522610125 0.2457065421875 0.76631811875 0.23685913125 0.7705501 0.22012766718750001 0.7644680968750001 0.198598675 0.7328695484375001 0.1983398875 0.7260399 0.2114959671875 0.72545999375 0.2351337703125 0.7522610125 0.2457065421875
1 0.67391879375 0.1510355625 0.6957689046875 0.152914303125 0.7043095562499999 0.12895538125 0.692131190625 0.1159526796875 0.6715799140625001 0.11586163125 0.6662168375 0.119758134375 0.664338096875 0.1416082453125 0.67391879375 0.1510355625
1 0.48844461875 0.37319364374999997 0.5125712796874999 0.37068702343750004 0.5198897859375 0.35444441718749997 0.5109656859375 0.3308833046875 0.48473021406249994 0.3267280140625 0.47660173125 0.338096403125 0.476021825 0.36173420625 0.48844461875 0.37319364374999997
1 0.27753026406250003 0.11672936874999999 0.2945061578125 0.1194180859375 0.30572116718750003 0.1085385546875 0.30678993125 0.08181422499999999 0.2859175359375 0.0737624328125 0.27438140781250003 0.07668122031249999 0.268193996875 0.1057587890625 0.27753026406250003 0.11672936874999999
1 0.1848437578125 0.6320114828125 0.2108348 0.6377100359375001 0.22107209375 0.63300355625 0.230422721875 0.613918853125 0.2197109296875 0.5916565734375 0.1968064125 0.5864468781250001 0.18177159062499998 0.601467340625 0.17883844531249998 0.619986496875 0.1848437578125 0.6320114828125
1 0.4517081703125 0.24556295156250002 0.46559753906249995 0.2477628109375 0.479089096875 0.2324979203125 0.479424575 0.2104033796875 0.472441546875 0.2045514453125 0.4534335328125 0.2047048265625 0.444006215625 0.2142855234375 0.4428607609375 0.23150584531249999 0.4517081703125 0.24556295156250002
1 0.4331749796875 0.78208165625 0.45063973125 0.7816838484375 0.45901264218750004 0.768772196875 0.45788154687500005 0.7559372343749999 0.44830085000000003 0.7465099171875 0.43083609999999994 0.7469077265624999 0.424984165625 0.7538907546875 0.4248931171875 0.77444203125 0.4331749796875 0.78208165625
1 0.67369394375 0.7917005374999999 0.6929463859375 0.79000389375 0.700097153125 0.7848085578124999 0.700188203125 0.7642572796875 0.6862221453124999 0.7525534140625 0.6746860171875 0.7554722 0.6647698421875 0.7681394234375001 0.664357675 0.78072995625 0.67369394375 0.7917005374999999
1 0.6394066781250001 0.8084176421875 0.6511872359375 0.8039555921874999 0.657695765625 0.7828387671875 0.645272971875 0.7713793296875 0.6370677984374999 0.7732437109375 0.62609721875 0.7825799796874999 0.6234085 0.7995558734375 0.6394066781250001 0.8084176421875
1 0.489877903125 0.7736607734375001 0.49857193437499997 0.768709865625 0.5028039140625 0.7519784015625001 0.4967986015625 0.7399534156249999 0.4824203765625 0.74084008125 0.4696621046875 0.751475184375 0.466896696875 0.7589470703125001 0.47339086718749995 0.7678855296875 0.489877903125 0.7736607734375001
1 0.518375565625 0.8034859875 0.528612859375 0.798779509375 0.5271606453125 0.7779838031249999 0.5124613015625 0.770909725 0.5022240078125 0.7756162046874999 0.49669319375 0.7905599765625 0.5018885296875 0.79771074375 0.518375565625 0.8034859875
1 0.5281044234375 0.1627443234375 0.5434603640625 0.1556846046875 0.5430625546875001 0.13821985312500001 0.5298297843750001 0.1218861984375 0.50911076875 0.13284241875 0.5100741249999999 0.15672465156249998 0.5281044234375 0.1627443234375
1 0.797686596875 0.20860589843750002 0.8179167546875 0.200736203125 0.8163878499999999 0.170436490625 0.799900815625 0.164661246875 0.7929944765625 0.1683133203125 0.7829872531250001 0.2015318203125 0.797686596875 0.20860589843750002
1 0.5597173296875 0.13294782656249998 0.5699546234375 0.12824134843749999 0.575241009375 0.1148408390625 0.56842571875 0.097941634375 0.545842321875 0.10069268281249999 0.540632625 0.1235972 0.5597173296875 0.13294782656249998
1 0.2307676640625 0.4019886 0.243358196875 0.40240076875 0.25611646875 0.39176566562500004 0.2569408046875 0.36658460000000004 0.2486589421875 0.358944975 0.2265644015625 0.358609496875 0.2186803484375 0.368434621875 0.21729046406250002 0.3871982078125 0.2307676640625 0.4019886
1 0.8383724125 0.5709946703125001 0.8545383296875 0.56880916875 0.859503596875 0.5474479156250001 0.838386771875 0.5409393859375 0.8312360046875 0.546134721875 0.828791715625 0.561567353125 0.8383724125 0.5709946703125001
0 0.073080709375 0 0 0.4664691328125 0 0.9270403421875001 0.46064914999999995 1 0.9254583656250001 1 1 0.5293626453125 1 0.074541634375 0.5293626406249999 0 0.073080709375 0