1 0.32507745312499997 0.3604546546875 0.32689920156249996 0.307154378125 0.3074723046875 0.2858782453125 0.2700339171875 0.27026175 0.21904617656249997 0.26242700937499996 0.19191998593749998 0.26539326875 0.16093040625 0.27418209843749997 0.14256555937499998 0.295540690625 0.13603627812500002 0.323075209375 0.13883960312500002 0.3643495015625 0.1633548734375 0.408289684375 0.18800559375 0.42548451875 0.2345311953125 0.43119714531250003 0.273655884375 0.4202587109375 0.30325754531250004 0.397131359375 0.32507745312499997 0.3604546546875
1 0.7004664265625 0.44432824374999996 0.7089548906250001 0.4264796859375 0.707892840625 0.3838449625 0.694261028125 0.353834971875 0.6518972 0.301406325 0.6183222015625 0.2799672578125 0.5661919359375001 0.2814376375 0.535011934375 0.291777321875 0.512593278125 0.3205093390625 0.50554770625 0.3778909125 0.5126227484375 0.42283817343749996 0.54004930625 0.46871005156249995 0.5658700375 0.48919701406250005 0.615306925 0.496841334375 0.6346788484375 0.492922971875 0.661206290625 0.48201202500000007 0.7004664265625 0.44432824374999996
1 0.9702874250000001 0.4648642234375 0.9686541125 0.426882059375 0.9641644859375 0.41216269531250005 0.9334732875 0.3800580765625 0.91562473125 0.3715696125 0.883056809375 0.367570775 0.8634944656249999 0.37303999062500004 0.835062815625 0.399459471875 0.83032978125 0.45082805312499996 0.8387102828125 0.4723220921875 0.8565863265625 0.4934078046875 0.8757953171875 0.5036375421875 0.9114649437500001 0.508017221875 0.9339385734375 0.5044797 0.9561942968749999 0.489895784375 0.9702874250000001 0.4648642234375
1 0.9222424281249999 0.6510216 0.9061076578125 0.62857545625 0.8841778046875 0.61486316875 0.8452160484375 0.6116535015625 0.826442875 0.623516553125 0.81137015625 0.6437051328125001 0.8056575296874999 0.6902307328124999 0.8280232 0.726035809375 0.8489734625 0.7349051140625 0.8801809515624999 0.737162678125 0.9103813625000001 0.7219800125 0.9219715328125 0.704512296875 0.9261607906249999 0.6703935234375 0.9222424281249999 0.6510216
1 0.44591849375 0.8507107671874999 0.40853309375 0.7705571796874999 0.396479621875 0.753334859375 0.3644554765625 0.7320862140625 0.333438409375 0.7282777968749999 0.3231811859375 0.7348895375 0.265611175 0.8191264078125 0.2618027578125 0.850143475 0.269421578125 0.8778409281249999 0.32128094687500003 0.9298612468749999 0.3796421125 0.9417498 0.40521745 0.9385931187500001 0.4257318984375 0.9253696359375001 0.44698054374999996 0.893345490625 0.44591849375 0.8507107671874999
1 0.24316106093749998 0.6557980015625 0.2363314125 0.6344943828125 0.20449768906250002 0.6116948843750001 0.1698076515625 0.6121581859375 0.1510344765625 0.6240212359374999 0.13577133749999998 0.6457606703125001 0.1304120671875 0.676587315625 0.13433043125 0.6959592406249999 0.145213890625 0.709889434375 0.1659737328125 0.7203095921875 0.1861348265625 0.7227850640625 0.217314828125 0.7124453796875 0.239543065625 0.685264215625 0.24316106093749998 0.6557980015625
1 0.322007203125 0.5521342359375 0.3176000375 0.575206615625 0.33218395312500004 0.5974623375 0.35990889375 0.6024407671875001 0.37849164687500003 0.59212856875 0.38521135 0.563043196875 0.37179744531250003 0.5440796015625 0.3394199453125 0.5385299109374999 0.322007203125 0.5521342359375
1 0.13057103125 0.482976040625 0.1104374234375 0.4930978171875 0.103118971875 0.5142385015625 0.10877860937499999 0.5322499921875 0.140584846875 0.54245224375 0.15394377812499999 0.5362213437500001 0.16338434531249998 0.5106185203125 0.155983434375 0.49396746093750005 0.146079565625 0.4848802484375 0.13057103125 0.482976040625
1 0.6987900515625001 0.919541109375 0.7443360609375 0.9204107531249999 0.7450702578125 0.9016100921874999 0.7258337828125 0.87878310625 0.6781381703125 0.869778353125 0.642523515625 0.89059316875 0.6361571671874999 0.9039795875 0.6344983531249999 0.9431317625 0.6504427015625 0.9671287609375 0.6849698046875 0.980813559375 0.7231423890625 0.97762939375 0.72409449375 0.9698751265625001 0.7101368124999999 0.9681613390624999 0.6946007921875 0.9536598828124999 0.6987900515625001 0.919541109375
1 0.6268361671875 0.18498436093749998 0.623408590625 0.212899721875 0.6370129171875 0.2303124640625 0.6676491421875 0.23722258749999997 0.6931969921875 0.2214686609375 0.6971958296875 0.1889007390625 0.68068021875 0.169556303125 0.65121400625 0.16593830625 0.6268361671875 0.18498436093749998
1 0.361913121875 0.18866328593749998 0.3524450671875 0.2016688625 0.355601746875 0.22724419999999998 0.3656960375 0.234780559375 0.392250965625 0.23646685937499998 0.4032698734375 0.2236517046875 0.40068445625000004 0.1934238078125 0.387488459375 0.18550660624999998 0.361913121875 0.18866328593749998
1 0.0477535375 0.631804975 0.0435367921875 0.6533265015625 0.049767692187500004 0.6666854328125 0.0736292421875 0.6774864328125 0.09512328125 0.6691059296875 0.10089087968749999 0.647774825 0.09425165156250001 0.624920353125 0.06342500625 0.6195610828125 0.0477535375 0.631804975
1 0 0.8706544828125 0.000798078125 0.8731943234375 0.024659626562500002 0.8839953234375001 0.052357079687499995 0.8763765046875 0.060845543749999995 0.8585279484375 0.0619605828125 0.8366255796875001 0.05534884062499999 0.8263683546875 0.02509345625 0.816356525 0.0037898374999999996 0.8231861734375 0 0.8372026546875 0 0.8706544828125
1 0.11280691875 0.6020109078125 0.1312267390625 0.6058468109375 0.14553777343750002 0.5918616437499999 0.1357968390625 0.5686263296875 0.108480228125 0.5731434421875 0.10638559843749999 0.5902028296874999 0.11280691875 0.6020109078125
1 0.5216943859375001 0.9387265812500001 0.5300474015625001 0.9476233734375 0.5535006234375001 0.9489288328125 0.56277825625 0.9374741109375 0.5606011671875 0.9167417546875001 0.550506878125 0.9092053953124999 0.5299649421875 0.90983163125 0.5216943859375001 0.9387265812500001
1 0.30273530000000004 0.15778365156250002 0.30817703125 0.1647487484375 0.329888978125 0.167414640625 0.3391666109375 0.1559599171875 0.3304052671875 0.137567584375 0.3164475875 0.13585379687500002 0.3061903625 0.14246553906249998 0.30273530000000004 0.15778365156250002
1 0.06935156875000001 0.4046187 0.0796362796875 0.41060420625000005 0.09552565468749999 0.4094067078125 0.0983819671875 0.3861439078125 0.07841129375 0.382117584375 0.0697049234375 0.38891974687499997 0.06935156875000001 0.4046187
1 0.9234025140625001 0.2056557890625 0.9272384171875 0.1872359703125 0.9221775296875 0.177169165625 0.8991051499999999 0.172762 0.8938813265625001 0.176843296875 0.8935554578125 0.20513949999999997 0.9234025140625001 0.2056557890625
0 0.166372803125 0 0.1631290265625 0.038316940625000004 0.1397032921875 0.049608728125 0.136629071875 0.061825134375 0.11064540625 0.0554862734375 0.11214128593749999 0.030482198437500004 0.0844438328125 0.0381010171875 0.07883916875 0.045284021875000004 0.06371147656250001 0.04027810625 0.052284240625 0.0435977203125 0 0.46941868906249995 0 0.9407883968749999 0.48223979687499996 1 0.940732946875 1 1 0.503888728125 1 0.062081678125 0.51551650625 0 0.166372803125 0