1 0.8149223984375 0.29900478124999996 0.785476846875 0.2801988625 0.7097397328125 0.253385290625 0.6244363328125 0.2428484359375 0.623456378125 0.252172078125 0.6064470421875 0.2645242859375 0.5729976640625 0.26886414687500004 0.5218809546875 0.2619204578125 0.4983245125 0.2468757234375 0.479677228125 0.2449158140625 0.35864258125 0.2903255078125 0.322416665625 0.3210823578125 0.22812565937499998 0.3661607078125 0.231480875 0.3790822078125 0.262153715625 0.40115933437500007 0.3262759359375 0.41889659687499997 0.3447645875 0.4522619671875 0.3422306921875 0.46142228437500005 0.3476298265625 0.4698452890625 0.3416613984375 0.4817868359375 0.3551568859375 0.4879185890625 0.3804259015625 0.47172118906250005 0.5354839109375 0.43145860156250004 0.6264290875 0.4331617921875 0.66601021875 0.4153264421875 0.7398620484375 0.4152330484375 0.7960418546875 0.374004584375 0.823112146875 0.370565359375 0.8337423953125 0.35911379062500004 0.8380728718749999 0.332860128125 0.8149223984375 0.29900478124999996
1 0.8812190171875001 0.10172896718749999 0.8440877718750001 0.096255209375 0.8327202109374999 0.0997737515625 0.7713886046875 0.14517406093750002 0.7735165312500001 0.1548243546875 0.8008341578125 0.1639799796875 0.7971569828125 0.1840178796875 0.7747485125 0.18794708124999998 0.717252715625 0.1819040296875 0.7081764078125 0.193518925 0.7067064765625 0.2075043890625 0.8077966156249999 0.23226935 0.845907815625 0.22841946562499998 0.8658617062499999 0.21794785 0.9076453890625 0.1642085453125 0.9132871640625 0.1553748796875 0.9148364125 0.12568668593750001 0.8812190171875001 0.10172896718749999
1 0.854802478125 0.6221310046874999 0.7960793921875 0.6128167453125 0.7388309296875 0.6193685437500001 0.7188770390625 0.6298401578124999 0.7160164921875001 0.64210835625 0.7626393984375001 0.6768596484375 0.8289688609375 0.6885444765625001 0.8882612421875 0.6774941828125 0.8975008750000001 0.664325346875 0.8949622890625 0.64363414375 0.854802478125 0.6221310046874999
1 0.4701067 0.754519584375 0.44286839218749996 0.7296612296875 0.3899504078125 0.7099593640624999 0.3843039390625 0.688941509375 0.321409009375 0.674475453125 0.277819359375 0.6856050625 0.1827957328125 0.7526019046875 0.17724265781249998 0.80543588125 0.1944247046875 0.8512327734375 0.241621596875 0.895471034375 0.299201403125 0.9156628765624999 0.36029505781250004 0.9173707578125001 0.4056019734375 0.9048505328124999 0.451804834375 0.868857875 0.46120779375 0.8541351 0.48074164062499997 0.7729195343749999 0.4701067 0.754519584375
1 0 0.6560768375 0.021092531249999998 0.6617642 0.032623417187499996 0.6566917171875 0.038918496875 0.641642290625 0.06999730625 0.6449088046875 0.0707346171875 0.6528418328125001 0.095924315625 0.6523471640625 0.15038685624999998 0.6125093125000001 0.21204980624999997 0.59385264375 0.23126169375 0.5455964796874999 0.2555507546875 0.5387227234374999 0.258737953125 0.52334664375 0.2301090296875 0.49677102343749996 0.1812788796875 0.4680721671875 0.156411140625 0.43560743593750006 0.13317665781250002 0.3876032984375 0.12156176249999999 0.378526990625 0.075022865625 0.3579244890625 0.0204716234375 0.353762028125 0.0033130390625 0.4572227375 0 0.4887441984375 0 0.6560768375
1 0.1836865359375 0.176099378125 0.13215916562500002 0.1581147796875 0.0631324828125 0.157144209375 0.041461325 0.16900643906249999 0.039090756250000004 0.176612815625 0.0385214625 0.1969773671875 0.06158792656249999 0.21668392500000003 0.1333165234375 0.2367917578125 0.188194415625 0.2378463359375 0.21002890000000002 0.224430165625 0.21370607343749998 0.20439226562499999 0.1836865359375 0.176099378125
1 0.5852428515625 0.6456456671875 0.5250451421875 0.6204653515625 0.4776103 0.6233352828125 0.459537 0.6308623421874999 0.4504606921875 0.6424772375 0.46273827343749996 0.7050408234375001 0.5056793125000001 0.729978496875 0.543137209375 0.7323443734375 0.5853362453125001 0.7194974968750001 0.606433415625 0.6981482984375 0.6070027109375 0.677783746875 0.5852428515625 0.6456456671875
1 0 0.8967790140625 0.016468246875000002 0.900086384375 0.09301729843749999 0.8892787328124999 0.10691875312500002 0.8765998749999999 0.1088786625 0.8579525890624999 0.101514928125 0.8383253500000001 0.0584105640625 0.8149416171875 0 0.8121254328124999 0 0.8967790140625
1 0.7729988515625 0.503555628125 0.7599933421875 0.49276205468749995 0.6919466125 0.48246784218750005 0.6572699453124999 0.48353649687500005 0.6320009296875 0.499733896875 0.628734415625 0.53081270625 0.63609815 0.5504399453125 0.6570366875 0.5604962078125 0.728681275 0.5664552515625 0.7660551625 0.5546723375 0.7759481 0.5352877406250001 0.7765173937500001 0.5149231890625 0.7729988515625 0.503555628125
1 0.5855460421875 0.493280184375 0.5619896 0.47823544843750004 0.5063743953125 0.46924784218750004 0.4587762265625 0.4736717125 0.440049625 0.48741453437500004 0.4354718125 0.5010733468749999 0.43727308750000005 0.5138315234374999 0.4499519453125 0.527732978125 0.4888844671875 0.5459649109375 0.5272430015625 0.554709875 0.5589751125 0.551760628125 0.5825268625 0.53695384375 0.59274645 0.5144613640625 0.59078185 0.5032571296875 0.5855460421875 0.493280184375
1 0.6061673125 0.56614736875 0.5640475953124999 0.5632915140625 0.5285542984375 0.572129871875 0.5169440953125 0.592905084375 0.5277423625 0.60975109375 0.544019078125 0.6193173796875 0.5872027609375 0.62699838125 0.6295651203125 0.6125975640625 0.6370874890625 0.60081934375 0.63422225 0.583236021875 0.6061673125 0.56614736875
1 0.8531551453124999 0.5481158484375 0.8244469046875 0.5372429578125 0.7972132890625 0.542236121875 0.790754884375 0.5588394906249999 0.8074422609375 0.579446684375 0.8350865375 0.585494428125 0.8574950078124999 0.5815652265625 0.8660813375 0.574612153125 0.865834003125 0.562017303125 0.8531551453124999 0.5481158484375
1 0.773134475 0.8460711406250001 0.7425456421875001 0.8381428046874999 0.716702640625 0.8448532359375 0.7100809109374999 0.86301054375 0.7257043249999999 0.8787925921875 0.7643895109375001 0.884429675 0.7826261359375 0.875348675 0.78458604375 0.8567013890625 0.773134475 0.8460711406250001
1 0.07153671874999999 0.0323389953125 0.048880915625 0.0236733484375 0.0400613265625 0.1075861328125 0.0459504359375 0.11134731718749999 0.08594222812499999 0.10455287656250001 0.0996803578125 0.09342795937500001 0.10024965156250001 0.07306340781250001 0.07153671874999999 0.0323389953125
1 0.43591017499999996 0.168044803125 0.39894225625 0.16101710625 0.3748165203125 0.166336921875 0.3652502359375 0.1826136390625 0.3746578875 0.1977423828125 0.4126897703125 0.20959522812500003 0.448183065625 0.2007568703125 0.45325085625000006 0.1824362359375 0.43591017499999996 0.168044803125
1 0.48076979375000006 0.9520286562500001 0.4510816 0.9504794078125001 0.43268164843749995 0.9611143484375001 0.4294944515625 0.9764904281250001 0.43816479062499997 0.98368614375 0.502039675 0.9888285578125 0.5100520203125 0.9723885156250001 0.5017083312499999 0.9620849187499999 0.48076979375000006 0.9520286562500001
1 0.7176591343750001 0.6862719921875 0.681755178125 0.684069440625 0.668180375 0.69364041875 0.6672004203124999 0.7029640609375 0.68159654375 0.7154749015624999 0.715783234375 0.7190680671874999 0.7310753046875 0.708106475 0.7292740296875 0.6953483 0.7176591343750001 0.6862719921875
1 0.5327397687500001 0.1436576578125 0.49978036875000004 0.1433356984375 0.47998980312499995 0.15225337187500002 0.47663927968750003 0.1691833921875 0.497988478125 0.1902805625 0.533892434375 0.19248311406250002 0.555969559375 0.1618102734375 0.5505704265625 0.15338726875 0.5327397687500001 0.1436576578125
1 0.637908359375 0.0997225875 0.6127186609375 0.10021725625 0.60535961875 0.1104415375 0.604790325 0.1308060890625 0.633661890625 0.1401250390625 0.6562336859375 0.134641896875 0.6632660765625 0.1275254984375 0.6605641624999999 0.108388234375 0.637908359375 0.0997225875
1 0.655832859375 0.706482603125 0.6342410187499999 0.7026421015625 0.6182116375 0.705670665625 0.61052594375 0.719002828125 0.623531453125 0.7297964015625 0.6420154140625 0.7333102515625 0.6631965937500001 0.7261098421875001 0.6643398734375 0.715232259375 0.655832859375 0.706482603125
1 0.3515726546875 0.0586297453125 0.32499234062500004 0.0574071484375 0.318207284375 0.077118396875 0.33121279375 0.087911971875 0.3531312859375 0.08864459062499999 0.363434884375 0.080300903125 0.364904815625 0.06631543906250001 0.3515726546875 0.0586297453125
1 0.6645125843749999 0.773381359375 0.641366803125 0.7693775328125 0.626401384375 0.77723124375 0.6254214296875 0.7865548875 0.644479375 0.7995557046874999 0.6569109 0.8008623109374999 0.6732669328124999 0.794725865625 0.6745735390625 0.7822943421875 0.6645125843749999 0.773381359375
1 0.49739148125000004 0.5547145671875 0.4789075203125 0.55120071875 0.45306451875000003 0.55791115 0.448976684375 0.5669081406250001 0.4601016015625 0.5806462703124999 0.4894631453125 0.5853034 0.5108076515625 0.5765490515625 0.510396990625 0.5655081421875 0.49739148125000004 0.5547145671875
1 0.4539698484375 0.5941417578125 0.42738953593750006 0.5929191609375 0.41741258906249995 0.5981549687500001 0.416105984375 0.6105864921874999 0.43189272343749996 0.6248145984375 0.447432128125 0.62644785625 0.468776634375 0.61769350625 0.46885595 0.6019907765625 0.4539698484375 0.5941417578125
1 0.7811374359375 0.7699280578125001 0.757665003125 0.7690321124999999 0.7445801765625 0.77394126875 0.7415563046875 0.7877634078125 0.7514539328125001 0.7982303296875 0.7809788015625 0.8013335187499999 0.792999665625 0.791599215625 0.7925890046874999 0.78055830625 0.7811374359375 0.7699280578125001
1 0.4964584484375 0.8625534125 0.4717587265625 0.8583862609375 0.45867389999999997 0.8632954171874999 0.45254214687500005 0.876790903125 0.47266405625 0.89461686875 0.511022590625 0.9033618328124999 0.5227168015625 0.8967354109375 0.5229594453125 0.8794787390625001 0.4964584484375 0.8625534125
1 0.14861328437500002 0.2556816859375 0.122196296875 0.2529051484375 0.0996245015625 0.258388290625 0.0902215421875 0.273111065625 0.1087895109375 0.29077370468749997 0.14125893437499998 0.2957574859375 0.1627667671875 0.28544919687500003 0.166117290625 0.2685191765625 0.14861328437500002 0.2556816859375
1 0.035497590625 0.21079950625000002 0.028633217187499997 0.24621348593749998 0.06159261875000001 0.2465354453125 0.07017894999999999 0.239582371875 0.069931615625 0.22698752187500001 0.035497590625 0.21079950625000002
1 0.905746478125 0.57092559375 0.8901277562500001 0.5849950671874999 0.89708083125 0.5935813984375 0.91090296875 0.5966052703125 0.9269323515625001 0.59357670625 0.929792896875 0.5813085078125 0.905746478125 0.57092559375
1 0.5283999078125 0.110208278125 0.512860503125 0.10857502187500001 0.504437496875 0.11397415468750001 0.5048481578125 0.12501506406250001 0.5207982234374999 0.1376892296875 0.549095803125 0.1375212125 0.5519563484375001 0.1252530140625 0.5283999078125 0.110208278125
1 0.1287297765625 0.713926103125 0.1123737421875 0.7200625484375001 0.10812258125 0.7306134796875 0.1180202109375 0.741080403125 0.14116599218749998 0.7450842296875 0.158338653125 0.7311780828125001 0.15171223125 0.7194838703124999 0.1287297765625 0.713926103125
1 0.4105951390625 0.93208415 0.3902305875 0.9315148546875 0.380827628125 0.94623763125 0.38745405 0.95793184375 0.406675321875 0.9693787203124999 0.4230313546875 0.963242275 0.42883645625 0.95285466875 0.42703518125000006 0.9400964937499999 0.4105951390625 0.93208415
0 0.051409353125 0 0 0.49689818125 0 0.9362070671874999 0.5888740796875 1 0.9502020218749999 1 1 0.5262038875 1 0.084362325 0.844496265625 0.0680182234375 0.8160281421875 0.0493150359375 0.8143901921875001 0.035002920312500005 0.7806934796875 0.026747934374999997 0.7025064796875 0.02324346875 0.6591641640625 0.046967928125 0.6271847171875 0.0373223265625 0.5619192187500001 0.030462645312499998 0.4948006125 0.031263729687500005 0.4778431078125 0.023196996875 0.46492160625 0.0265522125 0.462303703125 0.021563740625 0.40063606093750004 0.010368889062500001 0.2425447953125 0.004750575 0.22315303125 0 0.051409353125 0