1 0.45625 0.6078125 0.45 0.596875 0.4390625 0.5984375 0.4359375 0.621875 0.446875 0.6328125 0.4546875 0.625 0.45625 0.6078125
1 0.334375 0.7 0.3265625 0.69375 0.31875 0.7 0.3203125 0.7234375 0.3296875 0.728125 0.3359375 0.71875 0.334375 0.7
1 0.7890625 0.596875 0.784375 0.590625 0.775 0.59375 0.7734375 0.6109375 0.7828125 0.6203125 0.7890625 0.6140625 0.7890625 0.596875
1 0.346875 0.6125 0.3390625 0.61875 0.3390625 0.6359375 0.3484375 0.6421875 0.353125 0.61875 0.346875 0.6125
1 0.4484375 0.5265625 0.4390625 0.5296875 0.4390625 0.5484375 0.446875 0.553125 0.453125 0.5359375 0.4484375 0.5265625
1 0.6796875 0.6703125 0.6734375 0.6625 0.665625 0.66875 0.6640625 0.68125 0.6734375 0.69375 0.6796875 0.6875 0.6796875 0.6703125
1 0.7984375 0.7359375 0.7984375 0.7546875 0.80625 0.75625 0.8078125 0.734375 0.7984375 0.7359375
1 0.3078125 0.534375 0.3015625 0.5234375 0.29375 0.5265625 0.2921875 0.54375 0.2984375 0.55 0.30625 0.5453125 0.3078125 0.534375
1 0.846875 0.634375 0.840625 0.625 0.8328125 0.6265625 0.83125 0.6453125 0.8375 0.6515625 0.84375 0.6484375 0.846875 0.634375
1 0.2921875 0.6453125 0.2828125 0.646875 0.28125 0.665625 0.2890625 0.6703125 0.2953125 0.653125 0.2921875 0.6453125
1 0.8546875 0.64375 0.853125 0.6578125 0.859375 0.6625 0.8640625 0.6484375 0.8546875 0.64375
1 0.4625 0.6390625 0.4625 0.65625 0.46875 0.6578125 0.471875 0.640625 0.4625 0.6390625
0 0.290625 0.9203125 0.4296875 0.928125 0.525 0.9265625 0.5328125 0.890625 0.5375 0.475 0.5375 0.3625 0.5328125 0.3421875 0.3859375 0.3328125 0.3671875 0.3265625 0.33125 0.3265625 0.290625 0.3390625 0.2625 0.3640625 0.2375 0.425 0.2140625 0.5 0.203125 0.5953125 0.2015625 0.6625 0.2109375 0.7546875 0.24375 0.896875 0.290625 0.9203125
0 0.621875 0.9265625 0.6546875 0.934375 0.8703125 0.934375 0.90625 0.8328125 0.921875 0.7234375 0.928125 0.621875 0.9234375 0.5515625 0.8875 0.3984375 0.834375 0.35625 0.80625 0.346875 0.759375 0.3421875 0.678125 0.3484375 0.621875 0.340625 0.603125 0.346875 0.5953125 0.390625 0.590625 0.9140625 0.6078125 0.9109375 0.621875 0.91875 0.621875 0.9265625