1 0.7171875 0.459375 0.7078125 0.4421875 0.7 0.4421875 0.6921875 0.453125 0.690625 0.490625 0.7046875 0.503125 0.7140625 0.4953125 0.7171875 0.459375
1 0.75625 0.6625 0.75 0.6484375 0.7390625 0.6453125 0.728125 0.6640625 0.728125 0.6953125 0.74375 0.7109375 0.75625 0.6921875 0.75625 0.6625
1 0.9 0.490625 0.8890625 0.48125 0.8796875 0.490625 0.878125 0.51875 0.8921875 0.528125 0.9015625 0.5140625 0.9 0.490625
1 0.8515625 0.54375 0.8375 0.5375 0.8296875 0.5515625 0.8328125 0.58125 0.8453125 0.5875 0.8546875 0.5671875 0.8515625 0.54375
1 0.321875 0.7625 0.31875 0.75625 0.3078125 0.7609375 0.30625 0.778125 0.315625 0.7875 0.321875 0.7796875 0.321875 0.7625
1 0.2140625 0.7 0.2046875 0.6953125 0.1984375 0.70625 0.2 0.728125 0.2078125 0.7328125 0.215625 0.725 0.2140625 0.7
1 0.1265625 0.646875 0.1203125 0.65 0.1171875 0.6703125 0.1265625 0.6734375 0.1296875 0.6515625 0.1265625 0.646875
1 0.8921875 0.390625 0.890625 0.4109375 0.9 0.41875 0.9046875 0.39375 0.8921875 0.390625
1 0.659375 0.7203125 0.6546875 0.7125 0.6453125 0.715625 0.64375 0.7375 0.65 0.74375 0.6578125 0.7375 0.659375 0.7203125
0 0.0765625 0.86875 0.090625 0.878125 0.209375 0.8890625 0.43125 0.8921875 0.4546875 0.8875 0.4625 0.86875 0.465625 0.8109375 0.46875 0.265625 0.4640625 0.25 0.4484375 0.2453125 0.16875 0.2359375 0.14375 0.240625 0.0875 0.3296875 0.071875 0.3609375 0.071875 0.3875 0.0640625 0.39375 0.059375 0.4953125 0.0640625 0.5609375 0.0765625 0.6125 0.0765625 0.86875
0 0.596875 0.903125 0.859375 0.9109375 0.928125 0.9109375 0.946875 0.9046875 0.9515625 0.890625 0.9515625 0.6484375 0.965625 0.61875 0.9765625 0.5359375 0.978125 0.3953125 0.971875 0.275 0.9125 0.265625 0.5734375 0.2546875 0.5640625 0.6609375 0.5625 0.85 0.565625 0.8828125 0.5734375 0.896875 0.596875 0.903125