1 0.2640625 0.7734375 0.328125 0.771875 0.3421875 0.7640625 0.359375 0.740625 0.3734375 0.7 0.3703125 0.665625 0.3578125 0.653125 0.3109375 0.6359375 0.259375 0.634375 0.234375 0.640625 0.209375 0.65625 0.196875 0.675 0.196875 0.7125 0.2046875 0.73125 0.2296875 0.759375 0.2640625 0.7734375
1 0.7078125 0.859375 0.7078125 0.8375 0.690625 0.821875 0.678125 0.7984375 0.690625 0.775 0.7203125 0.746875 0.7328125 0.7046875 0.7375 0.6484375 0.721875 0.625 0.690625 0.625 0.66875 0.6453125 0.625 0.80625 0.625 0.8328125 0.6421875 0.853125 0.6859375 0.86875 0.7078125 0.859375
1 0.7859375 0.434375 0.8421875 0.4109375 0.840625 0.403125 0.8265625 0.4 0.7296875 0.3125 0.6953125 0.3171875 0.6671875 0.3296875 0.6265625 0.36875 0.621875 0.3859375 0.6390625 0.4234375 0.71875 0.421875 0.7859375 0.434375
1 0.390625 0.446875 0.415625 0.4421875 0.4328125 0.43125 0.4453125 0.4078125 0.4484375 0.34375 0.4265625 0.303125 0.40625 0.29375 0.384375 0.296875 0.3625 0.3109375 0.3546875 0.3453125 0.3453125 0.35625 0.325 0.365625 0.309375 0.3828125 0.3078125 0.4078125 0.3140625 0.4265625 0.3296875 0.440625 0.390625 0.446875
1 0.8375 0.271875 0.8515625 0.246875 0.8453125 0.21875 0.8234375 0.20625 0.7984375 0.2140625 0.7921875 0.2375 0.7984375 0.2671875 0.8125 0.2765625 0.8375 0.271875
1 0.2171875 0.365625 0.2203125 0.3359375 0.2109375 0.315625 0.2 0.3078125 0.1703125 0.3078125 0.15 0.3265625 0.15 0.35625 0.1671875 0.3796875 0.19375 0.3828125 0.2171875 0.365625
1 0.271875 0.40625 0.271875 0.3796875 0.259375 0.36875 0.2359375 0.3703125 0.225 0.3859375 0.225 0.4015625 0.2390625 0.415625 0.25625 0.415625 0.271875 0.40625
1 0.8953125 0.74375 0.9015625 0.7171875 0.890625 0.69375 0.8734375 0.684375 0.859375 0.684375 0.840625 0.703125 0.8390625 0.7234375 0.8484375 0.7453125 0.8796875 0.7515625 0.8953125 0.74375
1 0.8265625 0.8796875 0.84375 0.871875 0.8625 0.840625 0.8546875 0.815625 0.8296875 0.8046875 0.8 0.80625 0.778125 0.828125 0.778125 0.85625 0.784375 0.86875 0.8046875 0.8796875 0.8265625 0.8796875
1 0.4015625 0.8 0.396875 0.7796875 0.38125 0.7734375 0.3640625 0.7796875 0.3625 0.809375 0.371875 0.81875 0.3890625 0.81875 0.4015625 0.8
1 0.59375 0.48125 0.5921875 0.465625 0.5765625 0.4546875 0.559375 0.4578125 0.55 0.4671875 0.55 0.4859375 0.5609375 0.49375 0.584375 0.49375 0.59375 0.48125
1 0.4546875 0.6078125 0.45625 0.5984375 0.4484375 0.5859375 0.434375 0.5828125 0.4234375 0.5890625 0.4203125 0.60625 0.4265625 0.6140625 0.4421875 0.6171875 0.4546875 0.6078125
0 0.4765625 0.8890625 0.4828125 0.609375 0.48125 0.5703125 0.4734375 0.55625 0.34375 0.5515625 0.3171875 0.5375 0.278125 0.5390625 0.228125 0.5515625 0.115625 0.5484375 0.10625 0.559375 0.0984375 0.7171875 0.096875 0.8796875 0.1046875 0.896875 0.459375 0.903125 0.4765625 0.8890625
0 0.6296875 0.8984375 0.6515625 0.896875 0.6578125 0.903125 0.6734375 0.89375 0.715625 0.9078125 0.9109375 0.90625 0.915625 0.8609375 0.9078125 0.8265625 0.915625 0.8 0.9171875 0.578125 0.9078125 0.5609375 0.5546875 0.5578125 0.54375 0.5703125 0.540625 0.6421875 0.5390625 0.890625 0.54375 0.9 0.6265625 0.90625 0.6296875 0.8984375
0 0.8765625 0.5046875 0.9078125 0.503125 0.91875 0.4953125 0.9234375 0.40625 0.9078125 0.3 0.9234375 0.284375 0.9296875 0.25625 0.93125 0.1765625 0.9234375 0.1484375 0.8828125 0.1421875 0.70625 0.140625 0.7 0.134375 0.6671875 0.1390625 0.65 0.13125 0.5828125 0.134375 0.5515625 0.153125 0.546875 0.1890625 0.5421875 0.475 0.5484375 0.4921875 0.571875 0.4984375 0.8765625 0.5046875
0 0.3140625 0.5046875 0.3421875 0.4921875 0.4359375 0.49375 0.4765625 0.4859375 0.4859375 0.453125 0.490625 0.2359375 0.490625 0.1625 0.48125 0.14375 0.428125 0.1359375 0.1203125 0.1328125 0.109375 0.14375 0.1078125 0.165625 0.10625 0.471875 0.1109375 0.4828125 0.2328125 0.4875 0.3140625 0.5046875
1 0.246875 0.609375 0.240625 0.6015625 0.228125 0.6 0.2203125 0.60625 0.221875 0.628125 0.2375 0.6296875 0.2453125 0.6234375 0.246875 0.609375
1 0.9046875 0.3375 0.8953125 0.3296875 0.8859375 0.33125 0.8828125 0.346875 0.896875 0.359375 0.9046875 0.35 0.9046875 0.3375
1 0.2921875 0.5828125 0.275 0.5859375 0.2765625 0.603125 0.2953125 0.6 0.2984375 0.590625 0.2921875 0.5828125