1 0.2906241359375 0.6352880671875 0.3131591609375 0.6551135953125 0.33497315625 0.652853803125 0.3537133828125 0.62416373125 0.356887609375 0.5791791140625 0.350647128125 0.5437875859375 0.334270909375 0.49590382499999996 0.310921909375 0.471462009375 0.2903753515625 0.47191171406250004 0.272088584375 0.4941754140625 0.261488115625 0.56902835 0.26863551874999997 0.5915671312499999 0.2906241359375 0.6352880671875
1 0.6517609890625 0.712817659375 0.668144721875 0.70675555625 0.6857067015625 0.68937946875 0.72110574375 0.629193125 0.7272645484375 0.6011348921875 0.7469116984374999 0.5595920703124999 0.7519852015625 0.5253787890625 0.746194425 0.51053381875 0.7217601234375 0.47993695625 0.6972328765625 0.46680912656249995 0.66844985625 0.4655379328125 0.6528801 0.47621632187499996 0.6127755828125 0.5277127453125 0.6055314765625 0.5496159296875 0.6085977296875 0.6299920734375 0.629497290625 0.69453089375 0.6517609890625 0.712817659375
1 0.45355454218749996 0.5875197921875001 0.4807987984375 0.5890623109375 0.49510111874999996 0.580194009375 0.5079576218749999 0.5541280000000001 0.5141201843750001 0.49909683437499996 0.503720634375 0.4311199765625 0.49268173125 0.404507559375 0.45729771562500005 0.3568021765625 0.43304179375 0.345213109375 0.40516193906250003 0.35806210156249996 0.39492949843749997 0.390011834375 0.3996237046875 0.4796205515625 0.429120240625 0.556922928125 0.45355454218749996 0.5875197921875001
1 0.5618293234375 0.43673988750000003 0.583550371875 0.45194912968749995 0.5989379921875 0.4492358765625 0.6124263375 0.43575128906250005 0.6190423593750001 0.37429375 0.6111739265625 0.32966965 0.5985070718750001 0.293824659375 0.5754293968749999 0.27092160781249996 0.5585030140625 0.2739061859375 0.5372279125 0.3062164328125 0.5320614625 0.35789874843749997 0.5456314828125 0.40786392187500004 0.5618293234375 0.43673988750000003
1 0.699329315625 0.3617235984375 0.71010065 0.359824321875 0.7307439109375 0.3149326515625 0.7295769328125 0.24532784218749998 0.7084022921875001 0.20622319218750002 0.6942821078125 0.2071263578125 0.6756348265625001 0.218347396875 0.6581620359375 0.2452273828125 0.664759275 0.318634503125 0.6741702265625 0.336014346875 0.699329315625 0.3617235984375
1 0.20992504374999998 0.35758234375 0.22504133906249998 0.353330328125 0.22857232343749997 0.3463613046875 0.22559150312499998 0.3024619890625 0.2140991390625 0.2822759453125 0.2074014390625 0.2802837234375 0.1969014296875 0.28372176250000003 0.1901999734375 0.3087024703125 0.19852186875 0.34690019843750003 0.20992504374999998 0.35758234375
1 0.3271788859375 0.7256253265625 0.33849662812500003 0.6998306421875 0.3315313609375 0.669326725 0.3185894234375 0.6589159062500001 0.3114382625 0.66335005625 0.30853911875 0.6829005031250001 0.31921374999999996 0.7254431921875 0.3271788859375 0.7256253265625
1 0.1725854015625 0.703699603125 0.1844420375 0.7079553749999999 0.1972985421875 0.6818893640625 0.1978449484375 0.6579939578125 0.173046375 0.643327365625 0.1597401671875 0.6488468171874999 0.14942229375 0.6443197203125 0.163988425 0.6909360453125 0.1725854015625 0.703699603125
1 0.1371497625 0.37676100468749996 0.14629314531249998 0.36562915625 0.14629690312500002 0.3386562234375 0.1352579984375 0.31204380625 0.1262075625 0.3057066234375 0.117788965625 0.3119508609375 0.11407584374999999 0.3268850203125 0.1221264125 0.3635439859375 0.1371497625 0.37676100468749996
1 0.86747779375 0.5415062234375 0.8707374531250001 0.5329984375000001 0.8619620984375 0.5012270828125 0.8512799531249999 0.5126302578125 0.8571599203125 0.5369791265625 0.86747779375 0.5415062234375
1 0.5586137734375 0.778426753125 0.5740013937499999 0.7757135 0.5787998171875001 0.7669343890625 0.5757260484375 0.7405041078125 0.560884834375 0.7193219531249999 0.5464003796875 0.7361553890625 0.5495633359375 0.77208956875 0.5586137734375 0.778426753125
0 0 0.41078326875000004 0.034383162499999995 0.6217659125 0.0797911875 0.8342972203125001 0.08874867812500001 0.8581034390625 0.1008766390625 0.8638979718750001 0.2065977640625 0.8516029015625 0.5615091609375 0.7858492390625 0.5750866953125 0.7818685484375 0.57861768125 0.774899525 0.686331028125 0.7559067546875 0.7006333484375 0.747038453125 0.7329473531249999 0.7413406234375 0.762001696875 0.744150578125 0.7673427703125 0.738448990625 0.77738931875 0.7414373265624999 0.87768018125 0.7253399453125 0.9540756359375001 0.70869615625 0.9832229265624999 0.694037078125 0.9887461359374999 0.6803703546875 0.977261284375 0.6062384484375001 0.9078020125 0.212315346875 0.8861776671875001 0.1526641390625 0.865363540625 0.12460215 0.8472626671875 0.11192778125 0.8313323953125 0.11156351093750001 0.7202701968749999 0.12956016875 0.084850634375 0.25112140625 0.0389590953125 0.2607999265625 0.0144280921875 0.274645028125 0 0.3064806046875 0 0.41078326875000004