1 0.6153734203125001 0.336363621875 0.591939490625 0.3359545796875 0.56995874375 0.34182185781249996 0.557133415625 0.36035084687499996 0.5708938109374999 0.377781153125 0.6098140140625 0.3862741984375 0.636508815625 0.3789264671875 0.6476355359375 0.36818151875 0.6433032515625 0.3477903046875 0.6153734203125001 0.336363621875
1 0.578440334375 0.48261632499999996 0.558130928125 0.48226182343749996 0.5423719609375001 0.48980043906250004 0.5421538046875 0.5022985359375001 0.5607373328125 0.511999340625 0.5826362703125 0.5108188499999999 0.5952707140625 0.5032256937499999 0.5939266078125 0.4907003296875 0.578440334375 0.48261632499999996
1 0.5908645296875 0.5765974703125 0.5408176046875 0.578849375 0.5170291734375 0.598749740625 0.5151942171874999 0.614345090625 0.5430149703125 0.6320208218750001 0.578974265625 0.63108575625 0.612190809375 0.6082244828125 0.61098305 0.58788780625 0.5908645296875 0.5765974703125
1 0.616885503125 0.6973824953125 0.587202525 0.6968643765625 0.5588363828125 0.7104338859375 0.5569741578125 0.7275915000000001 0.58484945 0.74214270625 0.6239605390625 0.7396999171875 0.6459958234375 0.7307081171875 0.647721703125 0.7213618140625 0.6401012781250001 0.7102896328125 0.616885503125 0.6973824953125
1 0.416837703125 0.42978792343750005 0.4042305296875 0.4358188171875 0.40250465156250004 0.44516512031250005 0.41327686874999997 0.454729578125 0.4398353234375 0.4551931578125 0.44934524218750005 0.4475454640625 0.44490388125 0.433403296875 0.416837703125 0.42978792343750005
1 0.44590139375 0.5553142734375001 0.43946145937500003 0.5661410296875 0.4613058578125 0.5680850640624999 0.4599344828125 0.5571219609375 0.44590139375 0.5553142734375001
1 0.41003181250000004 0.6406387578125 0.389586059375 0.6480955671874999 0.3895042515625 0.652782353125 0.395644221875 0.659140478125 0.4236831296875 0.6643181140625 0.43475531093750003 0.6566976890625 0.4302594109375 0.645680046875 0.41003181250000004 0.6406387578125
1 0.3315096703125 0.6627092203125 0.324987928125 0.6782227625 0.335787415625 0.6862249578124999 0.3607836078125 0.68666126875 0.370348065625 0.67588905 0.365852165625 0.6648714078125 0.3315096703125 0.6627092203125
1 0.2987294375 0.6605743000000001 0.284587271875 0.6650156625 0.2828613921875 0.674361965625 0.29209861875 0.682336890625 0.30769396875 0.684171846875 0.31876614999999997 0.6765514234375 0.318902496875 0.6687401125 0.2987294375 0.6605743000000001
0 0.2222331375 0.6561135765625 0.22209679062499998 0.6639248875 0.239281671875 0.66422485 0.2394452890625 0.654851278125 0.2222331375 0.6561135765625
0 0.809304159375 0.23817072343749998 0.8093235218749999 0.14753225781249998 0.790712725 0.1393937140625 0.7882778421875 0.1893588296875 0.79285555 0.1956896859375 0.787432490625 0.237788953125 0.7793212171875 0.2548374875 0.760764959375 0.243574421875 0.7497745859375 0.24650805937500003 0.7234070171875 0.23510864531250003 0.7015080796875 0.23628913593749998 0.643949809375 0.2212198109375 0.623531325 0.22711435781249997 0.59716375625 0.21571494375000003 0.5596967375 0.213498215625 0.4727281828125 0.1822881515625 0.36323349375 0.18819060468749998 0.3242860203125 0.181259821875 0.2520947359375 0.19875257500000001 0.09581399375 0.1991501609375 0.06125334375 0.20948606875000003 0.0498266609375 0.23741589843750002 0.046573696875 0.334248875 0.0584568640625 0.8173423421875 0.07019141718750001 0.861303834375 0.098121246875 0.8727305171875 0.2559097125 0.875484725 0.3073280109375 0.884195925 0.338327828125 0.8988016703125 0.3505259609375 0.9162047078125 0.3651396140625 0.974281096875 0.44179952968749997 0.9693682484374999 0.4713188921875 0.9792599390625 0.491791915625 0.97024086875 0.568288215625 0.9747015937500001 0.7355593296875 0.97137036875 0.7698472859375001 0.97665708125 0.8168242234375 0.9712261156249999 0.83137543125 0.9433508234374999 0.8289599109375001 0.9026774718749999 0.8338103140625 0.8933857078124999 0.81986258125 0.618100359375 0.8165155437499999 0.2726768359375 0.809304159375 0.23817072343749998