1 0.6380807093749999 0.6417959125 0.6277306234375 0.6303009765625001 0.6016134015625 0.6211090109375 0.5621955609375 0.6268664296875001 0.547252809375 0.6432944015625 0.558754378125 0.6626729046875 0.5802723000000001 0.6700591874999999 0.6036776796875001 0.6712858125000001 0.632336559375 0.66183525 0.6380807093749999 0.6417959125
1 0.5831896578125 0.49497191875 0.5614264125 0.49226671250000004 0.5422114578125 0.5006475640625 0.541557259375 0.513130434375 0.5567519703125 0.5217499765625 0.5770366328125001 0.52281305 0.59304909375 0.5158290062499999 0.595263653125 0.5034279125000001 0.5831896578125 0.49497191875
1 0.58792596875 0.374742528125 0.5521194953124999 0.371301346875 0.523133515625 0.3869933421875 0.5238761249999999 0.40267870468750006 0.5462184296875 0.42418999062499996 0.59598635625 0.42992750625 0.61684344375 0.42006806875 0.6194668765625 0.39986518125 0.58792596875 0.374742528125
1 0.6628032796875 0.28948195781249997 0.6617335703125 0.28003803125000004 0.6403791984375 0.2695310296875 0.6015337828125 0.2643659390625 0.572711353125 0.27693721875 0.5733721875 0.29418293906250004 0.60072266875 0.309698115625 0.6303694828124999 0.3112518390625 0.6544290609375001 0.29999559374999996 0.6628032796875 0.28948195781249997
1 0.41033021718749996 0.5391106453125001 0.3989170578125 0.5479003734375001 0.39998676718750004 0.5573443 0.41214253593750005 0.564239934375 0.4403925421875 0.562591165625 0.44580959218749994 0.5487932625 0.4368563140625 0.5405008203125 0.41033021718749996 0.5391106453125001
1 0.44422269375 0.42979713124999996 0.44989170312500004 0.44104674062500004 0.46401670624999997 0.44022235624999995 0.4661494890625 0.429381621875 0.44422269375 0.42979713124999996
1 0.40699950625000003 0.33396768906249996 0.400430971875 0.3398820234375 0.40018564687499997 0.3445631 0.420061434375 0.35342796718749997 0.44059142187500006 0.349809965625 0.445844921875 0.3391327796875 0.43533128593750003 0.3307585609375 0.40699950625000003 0.33396768906249996
1 0.337846440625 0.3100031546875 0.3432701265625 0.32593384062499997 0.377679790625 0.3261725296875 0.3829332921875 0.3154953453125 0.3741435640625 0.304082184375 0.34917782656249996 0.30277378593750004 0.337846440625 0.3100031546875
1 0.305324234375 0.3036048046875 0.2955532078125 0.31091594843750003 0.2966229171875 0.32035987499999996 0.31042081875 0.325776925 0.33111435624999996 0.31903820625 0.33152323125 0.3112364125 0.3210095953125 0.3028621953125 0.305324234375 0.3036048046875
0 0.2342085703125 0.317088878125 0.23379969531250003 0.324890671875 0.250881865625 0.3273505546875 0.251372515625 0.31798840156249997 0.2342085703125 0.317088878125
0 0.5048202421875 0.0199068203125 0.47468277812500004 0.0277152484375 0.398552303125 0.0174668421875 0.3799230453125 0.0743823640625 0.3665406515625 0.090892109375 0.3345975046875 0.1032998390625 0.28269679375 0.10840305937500001 0.1251005703125 0.100143790625 0.09644169062499999 0.10959435312500002 0.0816691234375 0.1526301953125 0.03611600625 0.63371794375 0.0326063203125 0.7305419546875 0.04205688125 0.759200834375 0.075812346875 0.7719223937499999 0.23168466250000003 0.7832206046875 0.3024798609375 0.8057065546875 0.3418159265625 0.80150949375 0.4506321578125 0.8150355312500001 0.539565965625 0.7899681140625 0.5770963484375 0.7903703531249999 0.60419486875 0.7808380171875 0.62415243125 0.788142525 0.6826216765625001 0.7771249703125 0.704384921875 0.779830178125 0.73148344375 0.770297840625 0.7422424046875 0.7739909828125 0.7615391328125 0.764049771875 0.7684414015625001 0.7816225921875 0.7709145546875 0.8239976 0.7659063796875001 0.8299937093749999 0.764849940625 0.8800069609375001 0.7839831187499999 0.8731864671875 0.7902864234375 0.782767440625 0.7998872640625 0.748848425 0.8273216765625 0.4044998125 0.86043836875 0.130857990625 0.8562479421875 0.12125051406250001 0.8614948078125 0.0808447390625 0.848923528125 0.052022309375 0.80243986875 0.0433276265625 0.767866653125 0.046209653125 0.6012353781249999 0.031218301562500002 0.5246142546875 0.030332046875 0.5048202421875 0.0199068203125