1 0.21936248281249998 0.1642770953125 0.25533262031250004 0.16458444218749999 0.281388165625 0.149603490625 0.282404409375 0.133933478125 0.2695303109375 0.1234388859375 0.23339658124999998 0.11844689374999999 0.205561365625 0.1272361828125 0.1950122421875 0.1385487328125 0.19868064375 0.154055153125 0.21936248281249998 0.1642770953125
1 0.229158196875 0.8925038453124999 0.2494583234375 0.8917949500000001 0.26641723125 0.884948921875 0.273843259375 0.8737454328125001 0.26086010000000004 0.8601277421875 0.23582079843749998 0.85943868125 0.21891642031249997 0.8678462578125 0.2210778046875 0.8849687562499999 0.229158196875 0.8925038453124999
1 0.1813648328125 0.3297665046875 0.2165913796875 0.35355160625000004 0.302005590625 0.3818379234375 0.3708227703125 0.3825616796875 0.44501365625 0.35808254375000004 0.49244010156250007 0.3282842328125 0.55293893125 0.2698872796875 0.560037775 0.2493145015625 0.5009864578125 0.17007709375 0.46792129375 0.16341449218749998 0.3882823375 0.1661955453125 0.243821784375 0.193128553125 0.1945066078125 0.21361210625 0.1643117234375 0.24437212968750002 0.1502230953125 0.28864078437499996 0.153782434375 0.3010241078125 0.1813648328125 0.3297665046875
1 0.8078580375 0.8988738921874999 0.831335790625 0.899617484375 0.859225534375 0.8923897421874999 0.8634739359375001 0.879733765625 0.84871110625 0.8599244140625 0.8125773765625001 0.854932421875 0.7678377843749999 0.8721292875 0.780875475 0.8873085250000001 0.8078580375 0.8988738921874999
1 0.143173871875 0.668805884375 0.16040543125 0.669767596875 0.182048984375 0.6627579781249999 0.186351915625 0.65166355 0.170300190625 0.63971646875 0.1500000640625 0.640425365625 0.1300816515625 0.6520650984375 0.13191585156250002 0.6598183078125001 0.143173871875 0.668805884375
1 0.2311510140625 0.7704849671875 0.2418637296875 0.7638570609374999 0.2442779296875 0.7434478734375001 0.22521216875 0.7347329499999999 0.1956518140625 0.738892125 0.1806361671875 0.7566144593749999 0.1842500375 0.7705593328125 0.2311510140625 0.7704849671875
1 0.22092403124999999 0.1642225640625 0.252209525 0.164693503125 0.2783196 0.1512741 0.28256800000000004 0.1386181234375 0.264845665625 0.12360247656250001 0.22569790156249997 0.1218426421875 0.2086844625 0.127127121875 0.1981353390625 0.138439671875 0.2002421921875 0.1540006234375 0.22092403124999999 0.1642225640625
1 0.355950946875 0.8521167390625 0.3830425703125 0.866805203125 0.4218631515625 0.8591957484374999 0.4833435296875 0.8289066640625 0.5130129453125 0.827870584375 0.5696649234375 0.8383998734375 0.6570223953125 0.8775624984375 0.69417236875 0.866884478125 0.7061739796875 0.8523943015625 0.704339778125 0.8446410906249999 0.668895109375 0.814609796875 0.61616435 0.78205524375 0.609372853125 0.7666578828125 0.581954046875 0.7426001296875 0.5519921437499999 0.6904890406249999 0.550956065625 0.6608196265624999 0.5722179046875 0.6428791703125001 0.5576731968749999 0.6293160109375 0.445732503125 0.6472961374999999 0.35302116093749997 0.67867583125 0.3258948421875 0.707765246875 0.31723445 0.72839255625 0.3298012 0.7748572874999999 0.3327260109375 0.8138414624999999 0.355950946875 0.8521167390625
1 0.41030269375 0.5281475375 0.43668542187500003 0.522535875 0.45638571250000004 0.50464995 0.45395167656249996 0.479719709375 0.42992861875 0.46336063593750004 0.3938494203125 0.4599301921875 0.3455504875 0.46474373281250003 0.3383971125 0.4837549640625 0.339923965625 0.5274783125 0.41030269375 0.5281475375
1 0.16843620312500002 0.3177103640625 0.2165913796875 0.35355160625000004 0.2957048671875 0.3804944984375 0.3537002703125 0.3847230640625 0.4018901421875 0.3767864265625 0.44506818593749997 0.35964409218750004 0.512194921875 0.3119598546875 0.5513773828125 0.269941809375 0.5585307578125 0.2509305796875 0.5089577890625 0.1744890859375 0.4726059375 0.1632509 0.3803655359375 0.16334510156249998 0.3400379359375 0.172570634375 0.3227518453125 0.1700473734375 0.31376426875 0.18130539375000002 0.2702590421875 0.1890784390625 0.26579251875 0.1954882234375 0.2190551359375 0.2002472328125 0.1688327765625 0.23952389375 0.1531826 0.283847078125 0.1536733734375 0.2979010109375 0.16843620312500002 0.3177103640625
0 0.06116529375 0.42464420625 0.0652699390625 0.4526430125 0.07981464687499999 0.46620617031249995 0.38593261874999996 0.45707974843750004 0.5485715843750001 0.5029942000000001 0.5536181078125 0.46842201875 0.589042940625 0.453113884375 0.936941 0.4315843015625 0.9549706812500001 0.41062981093750006 0.935002646875 0.062677221875 0.9258861749999999 0.0254727171875 0.906711353125 0.0136346984375 0.0542696453125 0.048092974999999996 0.0388722859375 0.054884473437500005 0.036076371875 0.06436282343750001 0.045995940624999995 0.21410785468750002 0.06116529375 0.42464420625
0 0.11611203437499999 0.9683703156250001 0.22542040624999998 0.9645531828125 0.234626103125 0.9595413562499999 0.4580365515625 0.9548665953125001 0.9091058500000001 0.9328610984375001 0.9730202640625001 0.927502253125 0.9868560765625001 0.9207652875000001 0.99222978125 0.89556239375 0.988814196875 0.8425242875000001 0.9605129531250001 0.5245682953124999 0.9555556562499999 0.516924146875 0.9287366859375 0.5100434234375 0.6368362390625 0.5233637171875001 0.585032496875 0.51735548125 0.5659667359375 0.5086405578125001 0.5341731203125 0.516004625 0.45827444375 0.5139647078125 0.452300903125 0.5219905703125 0.38402902656250004 0.536882296875 0.1434960796875 0.5437184390625001 0.10607345312500001 0.54658871875 0.08448443125 0.5551598859375 0.07415342968750001 0.5727186296875 0.0880140515625 0.7457778234375 0.0913007390625 0.75035340625 0.11154633437499999 0.7480829625000001 0.1187195453125 0.7744111593749999 0.11479832812499999 0.796436425 0.11930452031250001 0.880705496875 0.1014929609375 0.9079061812500001 0.1071046234375 0.9342889078125 0.101022021875 0.939191675 0.1016763875 0.9579302515625001 0.11611203437499999 0.9683703156250001
1 0.8819547218749999 0.7821543531249999 0.9147472328124999 0.7810092140625 0.9377342125 0.767698871875 0.9372434374999999 0.7536449375000001 0.9196301640625 0.7417523874999999 0.883660025 0.741445040625 0.8575499499999999 0.7548644437500001 0.85943868125 0.7641792015625 0.8819547218749999 0.7821543531249999