1 0.8447109718749999 0.8060626515625 0.8260456359375 0.8010486328124999 0.804119428125 0.803791384375 0.794364084375 0.8254994375000001 0.8017118156249999 0.8521942375 0.8172253578124999 0.8587159796874999 0.8423306281249999 0.8529032421875 0.8488251 0.8389519609375 0.8447109718749999 0.8060626515625
1 0.5372532234375 0.8725819046875 0.515817865625 0.8472039406249999 0.50493656875 0.84388853125 0.486080346875 0.8498103468749999 0.47004868593750004 0.8729715828125 0.4712291765625 0.8948705203125 0.484962303125 0.9138630890625 0.5146180124999999 0.9159434703124999 0.5353364593750001 0.892864040625 0.5372532234375 0.8725819046875
1 0.44140194531250004 0.8130875078124999 0.42580659374999996 0.8112525515625 0.41160988906249996 0.8188184375 0.40656860000000006 0.8390460359375 0.4201653796875 0.8658499140625 0.43888525468750006 0.8677394093749999 0.45480783750000003 0.8508272203124999 0.45518960937499997 0.828955553125 0.44140194531250004 0.8130875078124999
1 0.20037728281249997 0.8338842140624999 0.17697062187499998 0.8319129125 0.1611025765625 0.8457005765625001 0.16228306718750002 0.8675995140625 0.1792770640625 0.8788353109375 0.1981060171875 0.8744757578125 0.20769774375 0.862141278125 0.2079704375 0.8465186578124999 0.20037728281249997 0.8338842140624999
1 0.5302556359375 0.467710615625 0.511508490625 0.46738338281249997 0.4878291359375 0.48103470000000004 0.48572148593750003 0.512252671875 0.498001428125 0.5249689234375 0.535495715625 0.5256233875 0.5482937765625 0.5086566609375 0.5487300859375 0.48366046875 0.5302556359375 0.467710615625
1 0.8162586640624999 0.466451865625 0.781807090625 0.47053872500000005 0.76900903125 0.4875054515625 0.768627259375 0.5093771203124999 0.7792904 0.5251906265625 0.82144420625 0.5274891609375 0.8373667890625001 0.5105769734375001 0.8377485609375 0.48870530468749995 0.8162586640624999 0.466451865625
1 0.1813487265625 0.133445440625 0.1594497890625 0.13462593125 0.1339900171875 0.160748075 0.1366509625 0.18736106875 0.156687675 0.20333819062499997 0.178504803125 0.2068444859375 0.21010454687500002 0.1870804671875 0.20911494218749999 0.15424569531250001 0.1813487265625 0.133445440625
1 0.5106860515625 0.1563841625 0.468559515625 0.152523365625 0.45269147031249996 0.1663110296875 0.450665628125 0.19284221562499998 0.46593374687500005 0.21342431562500003 0.4939453859375 0.22016421249999998 0.517652009375 0.2049506328125 0.52277510625 0.1800362484375 0.5106860515625 0.1563841625
1 0.9032773984375 0.13667032343750002 0.8906429546875 0.1442634796875 0.888808 0.1598588296875 0.8980179546875 0.16939601875000002 0.9199441625 0.166653265625 0.9248763734375001 0.15267471562499998 0.915748225 0.138450740625 0.9032773984375 0.13667032343750002
1 0.193660296875 0.5024665109375 0.1825063078125 0.5147737218749999 0.185249059375 0.536699928125 0.205503928125 0.5401789546875 0.211834784375 0.5356012453125001 0.213860625 0.5090700609375001 0.20618566249999998 0.501122403125 0.193660296875 0.5024665109375
1 0.79469050625 0.1800943359375 0.7897310265625 0.195635146875 0.7974059890625 0.20358280468749998 0.812974071875 0.20698002187500003 0.8208944593749999 0.20086732187499998 0.8242644078125 0.1868615015625 0.8197412375 0.177406121875 0.79469050625 0.1800943359375
1 0.8506636046875 0.554565734375 0.8472663859375 0.570133815625 0.8643967296874999 0.573558303125 0.867766678125 0.5595524843749999 0.8506636046875 0.554565734375
0 0.723135134375 0.8773892234374999 0.7382941749999999 0.904220371875 0.770556290625 0.93603826875 0.8046533609375001 0.952260815625 0.85459120625 0.956257959375 0.89701770625 0.9429338749999999 0.9303433265625 0.9138235546875 0.9563212171875 0.85801843125 0.9570302203125 0.81739961875 0.9435697890625001 0.7827844296875 0.9007536109375 0.728903978125 0.8775378359375001 0.715996840625 0.8401798953125 0.707531065625 0.7931756875 0.71452429375 0.7568346203125 0.7373310281250001 0.7247985671875 0.7820912390625 0.7179223234375 0.8179141890625001 0.723135134375 0.8773892234374999
0 0.40375194687500005 0.91088281875 0.44371629375 0.9490861125000001 0.4701111328125 0.9589232640625 0.51541673125 0.9597140749999999 0.55471870625 0.9463354515625 0.5943479140625 0.914209684375 0.6172830874999999 0.8536632375 0.6136598078125 0.792653209375 0.5955943984375 0.7532694265625001 0.5617700218749999 0.721424259375 0.5213693640625 0.708217159375 0.47603649687500005 0.708988609375 0.4319386578125 0.7285344734375 0.4048893546875 0.756191609375 0.3804191875 0.815148525 0.38428789218750004 0.8620981953125 0.40375194687500005 0.91088281875
0 0.055994710937500004 0.8688697203125001 0.08025463125 0.9114871046875 0.12487849531249999 0.9513344671875 0.177968134375 0.9538238890624999 0.21568057812500002 0.9419802578124999 0.26492878124999997 0.8959577484375 0.2813149453125 0.8524871046875001 0.2835589421875 0.8134578234375001 0.27344118906250003 0.766399078125 0.23364045781249998 0.7188222125 0.2057106265625 0.7073955296875 0.15889730468750002 0.7034529234375 0.1196771390625 0.7121447609375 0.0864605953125 0.735006034375 0.054342734375 0.78445303125 0.049028753125000005 0.82030325 0.055994710937500004 0.8688697203125001
0 0.7287253578125 0.5571255078124999 0.7623315796875 0.601468771875 0.8087085921874999 0.63040756875 0.857165984375 0.6296906578125 0.918612321875 0.6010711859375 0.95067564375 0.5547487125 0.9589232640625 0.5298888671875 0.9610854515625 0.495546371875 0.950858621875 0.4547366734375 0.923474178125 0.41206475 0.8832644078125 0.387921815625 0.85212824375 0.3811273796875 0.8114276234375 0.38510516250000004 0.7641234531250001 0.40928327343750004 0.728962875 0.4539889453125 0.7215139749999999 0.5226193968749999 0.7287253578125 0.5571255078124999
0 0.37896955 0.54008133125 0.4343929015625 0.587930890625 0.48411259375000004 0.60442613125 0.52473140625 0.605135134375 0.563951571875 0.596443296875 0.60207305625 0.5611657359375 0.618541028125 0.5130083078125 0.617769578125 0.4676754390625 0.60132096875 0.4251944015625 0.5644266078125 0.390170171875 0.52717774375 0.3754553484375 0.46775724687500003 0.3775436359375 0.415739021875 0.40320220000000007 0.38227705312500004 0.44012383125000004 0.372521709375 0.461831884375 0.3703049828125 0.49929890312499997 0.37896955 0.54008133125
0 0.0756998328125 0.5457269046875 0.11873416562500001 0.5871092609375 0.15291304375 0.598645021875 0.19821864218750002 0.599435834375 0.2390556109375 0.5876467421875 0.280465234375 0.543050146875 0.288903740625 0.5072544671875 0.2882141 0.45723481250000003 0.2747263984375 0.4241818859375 0.24098382968749998 0.3876499328125 0.20066497968750002 0.36975604687499997 0.15379711875 0.368937965625 0.10652021874999999 0.3915538140625 0.06979737968750001 0.43623221718750005 0.05982388125 0.470438365625 0.057961654687499996 0.487595978125 0.0756998328125 0.5457269046875
0 0.7116451953125 0.192709415625 0.734397390625 0.2321750078125 0.7775680703125001 0.265746053125 0.8272877609375 0.28224129375 0.875745153125 0.2815243828125 0.9166639296874999 0.2650485046875 0.9484818265625 0.23278638906250002 0.9679652437499999 0.190932546875 0.9702365109375 0.1503410046875 0.9584201484375001 0.1110662984375 0.9186194171875 0.0634894328125 0.876765575 0.044006015625 0.825210928125 0.0431061265625 0.7859089531250001 0.05648474999999999 0.7400306984375 0.08850144062500001 0.7110100921875 0.1395652375 0.7073401796875001 0.1707559390625 0.7116451953125 0.192709415625
0 0.40486918125000004 0.22017211875 0.43702221874999997 0.25823906406249997 0.4664052328125 0.275942065625 0.49913092812500004 0.2812015078125 0.5648822796874999 0.2745355125 0.6108968828125 0.2347075125 0.6287635 0.195950925 0.6329515296875 0.1350772453125 0.6209988203125001 0.10361384843749999 0.608909765625 0.0799617640625 0.559599115625 0.0400325921875 0.5081262765625 0.0344459171875 0.4595325375 0.042974137499999995 0.416669728125 0.081294415625 0.393979978125 0.1277805046875 0.39299828125 0.1840219375 0.40486918125000004 0.22017211875
0 0.0488915953125 0.20145660312500002 0.091925928125 0.2428389578125 0.14304426406249998 0.26873504062500003 0.20550747500000002 0.271388078125 0.2448639890625 0.2548849296875 0.27827141875 0.2210878234375 0.2914512484375 0.182249428125 0.2936952453125 0.143220146875 0.2881006625 0.10561677968750001 0.2514789953125 0.054969929687499995 0.2174910015625 0.0324983359375 0.155055059375 0.0282830359375 0.1079963125 0.0384007890625 0.0557053921875 0.0796819734375 0.03619470625 0.123098078125 0.0369116171875 0.1715554703125 0.0488915953125 0.20145660312500002