1 0.348899934375 0.7032291093749999 0.373454825 0.72733594375 0.4131081484375 0.7402159703125 0.44093137968749996 0.726965503125 0.4580725265625 0.6923903828125 0.4673328234375 0.586544696875 0.461592765625 0.5625154796875 0.45165015156250005 0.550666334375 0.432640575 0.5348869953125 0.4095646234375 0.5297311734375 0.3870919609375 0.5356074125 0.371993525 0.54683421875 0.3360184953125 0.61740483125 0.3338981671875 0.6595679750000001 0.348899934375 0.7032291093749999
1 0.6578166750000001 0.6502639296875 0.672604646875 0.7142964484375 0.7274735359375 0.750466225 0.7625933781249999 0.7613811546875 0.8019157765625 0.7601160140625 0.8298751875000001 0.7453089921875 0.84606306875 0.7216297515625001 0.851160325 0.6812955234375 0.8402834968749999 0.6442691484374999 0.8231028359374999 0.6255128812499999 0.7749272703125001 0.60247644375 0.7305647703125 0.5358564890624999 0.7129755656250001 0.521769884375 0.670676240625 0.521206109375 0.6540212515625 0.5322967359375 0.6413550203125 0.551578675 0.6359268375 0.577767734375 0.647212209375 0.610124446875 0.6471345937499999 0.6289392781250001 0.6578166750000001 0.6502639296875
1 0.356406109375 0.3305903125 0.382381371875 0.35638988125000004 0.42399979375 0.3647364265625 0.4462000953125 0.3619732953125 0.4871566625 0.34202950468750004 0.5009709046874999 0.327553409375 0.5414794171875 0.25894789375 0.5457595875 0.22795299062500002 0.5209323375 0.20695926562500003 0.501105675 0.2005192515625 0.3832746609375 0.202758121875 0.3684485890625 0.21087181875 0.355237634375 0.23637997500000002 0.34626875 0.30303944375 0.356406109375 0.3305903125
1 0.271691740625 0.4204238125 0.310664159375 0.4410866109375 0.344908353125 0.4440825890625 0.3658244625 0.4380701703125 0.38553399375 0.40999362812499995 0.3818952140625 0.379874375 0.357885046875 0.349541325 0.303347084375 0.32751671875 0.27986259062499996 0.327030559375 0.262935240625 0.34123429375000003 0.2572932609375 0.3877947390625 0.271691740625 0.4204238125
1 0.2356990703125 0.6525451359375001 0.27278400937499997 0.6589265859375 0.30595780625 0.6383018890625001 0.32195094218750003 0.5989209265625 0.3142457875 0.5794251906250001 0.2969289453125 0.562225478125 0.27426153593749997 0.55239999375 0.2554467046875 0.552322378125 0.2238294625 0.57308325625 0.212447425 0.595614484375 0.21182508437499997 0.62065553125 0.2356990703125 0.6525451359375001
1 0.6389214046875 0.4180459390625 0.6951521031250001 0.438650171875 0.7233062593749999 0.4395448734375 0.773329790625 0.42353127500000004 0.7840309249999999 0.4087828171875 0.7868907218750001 0.37609517812500004 0.7798079062500001 0.3315583953125 0.7598641140625 0.2906018265625 0.7394341640625 0.273129753125 0.7223120671875 0.2716317640625 0.6813555 0.29157555468749996 0.66429196875 0.30733584375 0.641800253125 0.34928519062499996 0.6158645046875 0.3768170078125 0.6138217921875 0.400165321875 0.6389214046875 0.4180459390625
1 0.2907217796875 0.525607646875 0.307299153125 0.5333318515625 0.32780671875 0.5319890953125 0.344053165625 0.5255681328125 0.3595601421875 0.5096716640625 0.3666810609375 0.4820622296875 0.34848856875 0.45694356562499994 0.3051774125 0.45001739374999994 0.2873744125 0.456302175 0.27525290468749997 0.46935789687499996 0.2711089140625 0.498796246875 0.2907217796875 0.525607646875
1 0.5579234328125 0.5191838609375 0.5837039500000001 0.52928170625 0.6040753359375 0.5294955031249999 0.636568228125 0.5166535765625 0.64219115625 0.506166240625 0.641937846875 0.473206240625 0.62497098125 0.4340785875 0.6071094171875 0.42310509218750003 0.588294584375 0.42302747656250006 0.5625726328125 0.43018790781250005 0.5408394390625 0.445539653125 0.535216509375 0.456026990625 0.5353336390625001 0.49054354531250005 0.5579234328125 0.5191838609375
1 0.4747246921875 0.43034455156250007 0.5075485109375 0.4316477953125 0.5296902484375 0.41162638749999997 0.5324138656249999 0.380495303125 0.5113806265624999 0.35199116875 0.49283815625000005 0.34880044374999997 0.45925581718749997 0.374094803125 0.4549756453125 0.40508970624999996 0.4747246921875 0.43034455156250007
1 0.5652757859374999 0.3096523296875 0.5957259671874999 0.3201587171875 0.615961171875 0.32192906875 0.629094509375 0.31523574375 0.6676964890625 0.2684219875 0.6729884921875 0.2437894828125 0.6691359140625 0.2340416140625 0.63889953125 0.20316384062499998 0.61880050625 0.19983693593750002 0.60580335 0.20497370468749998 0.5559555125 0.2727621359375 0.5536404375 0.2992235578125 0.5652757859374999 0.3096523296875
1 0.48441681875000003 0.660188903125 0.5018698406250001 0.6758320609374999 0.5298878171875 0.6782833171875 0.5527690234375 0.667737415625 0.56171885625 0.6371510546875 0.546036184375 0.601272690625 0.51504128125 0.5969925203125 0.48044711093750003 0.61592448125 0.47643930156250003 0.6438062765625 0.48441681875000003 0.660188903125
1 0.4747451546875 0.519749046875 0.5028993109375001 0.520643746875 0.525313409375 0.49750923125 0.52492391875 0.466105784375 0.5064590640625 0.4441002296875 0.4749194375 0.44604627499999994 0.45575462812499995 0.4678965984375 0.4534395546875 0.49435802031250003 0.4747451546875 0.519749046875
1 0.56315828125 0.6027706796875 0.589347340625 0.6081988625 0.6020721375 0.6061752015625 0.6203612953125 0.576405925 0.6058266359375 0.5453334062499999 0.582886865625 0.53862103125 0.555199815625 0.55031494375 0.549363090625 0.5811736671875 0.56315828125 0.6027706796875
1 0.748834878125 0.542160321875 0.7847527546874999 0.5798090359375 0.8108056328125001 0.586793771875 0.8253593453124999 0.5817931828125 0.8374808515625001 0.5687374609375 0.840126853125 0.5564212078125 0.8326940593750001 0.5338123640625 0.7992274375 0.468145675 0.7904328359374999 0.46110237187500003 0.7782527640625 0.4568998171875 0.7491453421875 0.4669009953125 0.7376271234375 0.490988778125 0.7372771453125 0.5129167171875 0.748834878125 0.542160321875
1 0.3028214125 0.2976698265625 0.3173751234375 0.2926692375 0.3364037515625 0.2723754671875 0.33533335625 0.24875479218750002 0.308268646875 0.2354076578125 0.2859321640625 0.2397273421875 0.2736744765625 0.25433961875 0.2730521359375 0.2793806671875 0.3028214125 0.2976698265625
1 0.5970729593749999 0.71709909375 0.62238636875 0.714608325 0.6347802375 0.69843949375 0.6345854921875 0.6827377703125 0.6203817593750001 0.6658104203125 0.6000103734375 0.6655966234374999 0.583083021875 0.6798003578125 0.5825968640625 0.7032848515625 0.5970729593749999 0.71709909375
1 0.836174784375 0.3506060734375 0.8596592796875001 0.3510922328125 0.8785517265625 0.3323550171875 0.8786293421875 0.3135401859375 0.86144868125 0.29478391875 0.834987259375 0.2924688453125 0.8144020765625 0.3126264328125 0.8171652078125 0.334826734375 0.836174784375 0.3506060734375
1 0.5450610453125 0.3972864734375 0.5742270328125 0.404543571875 0.594539853125 0.387499090625 0.59488983125 0.36557115156250003 0.580686096875 0.3486438 0.5557812296875 0.3464649078125 0.5405466140625 0.3592482671875 0.536947346875 0.3824604 0.5450610453125 0.3972864734375
1 0.3937457703125 0.49540936562500004 0.41438951875 0.492510053125 0.4231255546875 0.48229507812500005 0.42618009843750004 0.4653091625 0.41678220781249997 0.44723379999999996 0.396955546875 0.4407937859375 0.3887642328125 0.44478254531249994 0.3780630984375 0.45953100156250004 0.3806900484375 0.48328785781250005 0.3937457703125 0.49540936562500004
1 0.2693604375 0.73391355 0.28803908906250003 0.73554771875 0.30171715 0.722628178125 0.3034875 0.7023929734375 0.288875225 0.6901352859375 0.26850383906249997 0.6899214890625001 0.25638233125 0.7029772109375 0.25515670468749996 0.7169861984375 0.2693604375 0.73391355
1 0.38490883125 0.1840794703125 0.40656440937499994 0.18754255625 0.42207138750000006 0.17164608750000002 0.421137171875 0.146468859375 0.411058378125 0.1361762671875 0.3905508109375 0.137519025 0.37673656875 0.1519951203125 0.37510239843750004 0.1706737703125 0.38490883125 0.1840794703125
1 0.793991178125 0.2590812515625 0.8095567203125 0.260443059375 0.8277682625 0.24948861562500002 0.8296747953124999 0.22769685625 0.8105290374999999 0.21347407187499998 0.7852156265625 0.21596484062500002 0.7730941203125 0.2290205625 0.77626579375 0.2465512015625 0.793991178125 0.2590812515625
1 0.5674342171875 0.1953429671875 0.58611286875 0.1969771375 0.5997909296875 0.184057596875 0.6028454734375 0.16707168125 0.58525626875 0.1529850765625 0.5663052562499999 0.154464015625 0.556285028125 0.1614297015625 0.5545146765625 0.18166490625 0.5674342171875 0.1953429671875
1 0.5424968953125 0.767220703125 0.555085509375 0.766753596875 0.5639577265625 0.7549820671874999 0.5636268 0.7408368984375 0.5426521265625001 0.729591040625 0.5309391625 0.7379770999999999 0.5291688109375 0.7582123046875 0.5424968953125 0.767220703125
1 0.5387995484375 0.7198431734375 0.553625621875 0.7117294750000001 0.5549874296875 0.6961639328125 0.54802174375 0.6861437031250001 0.5227083343750001 0.6886344734375001 0.5193814296875 0.708733496875 0.5264832953125 0.717197171875 0.5387995484375 0.7198431734375
1 0.508094646875 0.5508991812499999 0.52494438125 0.5555102796875 0.53455606875 0.55321425625 0.543836828125 0.5367730640625 0.5313258296875001 0.518425340625 0.518873396875 0.51733589375 0.5037749609375 0.5285626999999999 0.5026855140625 0.5410151328125 0.508094646875 0.5508991812499999
1 0.5914881328125 0.6554402125000001 0.6086102296875 0.656938203125 0.622152109375 0.645575215625 0.6246619296875 0.6348155171875 0.6137074859375 0.6166039734375001 0.599970859375 0.6122652375000001 0.5834520515625 0.6217993093749999 0.5801251453125 0.6418983328125 0.5914881328125 0.6554402125000001
1 0.23447203125 0.541076521875 0.251457946875 0.5441310640625 0.26357945312500003 0.5310753421875 0.26507744375 0.513953246875 0.251885540625 0.5033882937499999 0.23124179374999998 0.5062876046875 0.22223339375 0.5196156890625 0.225813609375 0.532476665625 0.23447203125 0.541076521875
1 0.2213986703125 0.6905057265625001 0.23554383906249998 0.6901748000000001 0.242450959375 0.6829367515625 0.240699659375 0.6670988484375 0.23176887656249998 0.6616120999999999 0.21593097343749998 0.6633633999999999 0.21260406718749997 0.6834624234375 0.2213986703125 0.6905057265625001
1 0.71359508125 0.2457736296875 0.73254609375 0.2442946921875 0.7392584703125 0.22135492031249998 0.732156603125 0.21289124531249998 0.7119213984375 0.21112089531249997 0.703457721875 0.21822276093749998 0.701823553125 0.23690141250000002 0.71359508125 0.2457736296875
1 0.728304025 0.203143378125 0.7505043265625 0.200380246875 0.7508543046875 0.17845230781250002 0.7424682453125 0.1667393421875 0.7301519921875 0.1640933421875 0.7184390281249999 0.1724794015625 0.71808905 0.194407340625 0.728304025 0.203143378125
0 0.2269858375 0 0.2114680484375 0.01519545625 0.186427 0.014573117187500002 0.160082709375 0.046774596875000005 0.1473579140625 0.0487982578125 0.10056462031249999 0.0996007734375 0.08657750625 0.3132572421875 0.09739577031249999 0.333025340625 0.0960339609375 0.3485908828125 0.0829006234375 0.35528420625 0.0820835390625 0.3646235328125 0.095275440625 0.375188484375 0.0880183421875 0.40435447187499995 0.0771224625 0.40340120625000003 0.0812474015625 0.410035965625 0.07737577343749999 0.43636120624999997 0.087046025 0.4513234609375 0.0880388046875 0.4937589671875 0.0829606 0.49802008750000004 0.0830191640625 0.5152783640624999 0.0659556328125 0.5310386515625 0.07589824687499999 0.5428877984375 0.07494498125 0.5537836765625 0.0647885703125 0.5623059171875 0.0770272078125 0.58376675 0.067591215625 0.6378376046875001 0.071988515625 0.64135925625 0.0700629328125 0.6992241234375001 0.0827101125 0.7160152937500001 0.10378286562500001 0.7978508140625 0.12082734531249999 0.8181636343750001 0.16277669374999998 0.8406553484374999 0.1632438015625 0.8532439625 0.172174584375 0.8587307109375001 0.24465172812499997 0.87291398125 0.2608981734375 0.86649301875 0.29304108906250004 0.8755790343750001 0.2998120296875 0.869897540625 0.33135165624999996 0.8679514953125 0.36518730625 0.8756171359374999 0.373845728125 0.8842169921874999 0.41032737812500003 0.8795663812500001 0.42974549843750004 0.8906760578125 0.5917633171875 0.9032823109375 0.604760475 0.898145540625 0.6400164984375001 0.9075039171875 0.6936202453125 0.9043512953124999 0.7164238359375 0.9126202250000001 0.766914475 0.909195240625 0.783628028125 0.9153628921875001 0.8400139578125 0.8983374640624999 0.8427185234374999 0.9032794875000001 0.854022946875 0.899563090625 0.8677010078125 0.88664355 0.9022175625 0.8865264203125 0.9325506125 0.862516253125 0.9224718171875 0.8522236624999999 0.9276276390625 0.8291477109375001 0.9468510125 0.8245556640625 0.9482128218750001 0.8089901218750001 0.9403714859375001 0.791050940625 0.95222063125 0.7811083265625001 0.9789720531249999 0.61875958125 0.980975253125 0.5420798828125 0.9876100125 0.5379549421875 0.9889718203125 0.5223894 0.9814614109375001 0.5185953875 0.9829594 0.5014732921875 0.9916954375 0.491258315625 1 0.4203135265625 1 0.1135263 0.9930530109375001 0.0992599640625 0.974043434375 0.083480625 0.9509674828125 0.0783248046875 0.9312184359375 0.053069959374999996 0.8964295203124999 0.056300196875 0.8893276531250001 0.047836521874999996 0.5512830265625001 0.0213983859375 0.47582895468749997 0.0053862 0.40407219375 0 0.343036709375 0 0.3429771234375 0.0000370453125 0.3427533203125 0 0.2269858375 0