1 0.5471092125 0.7297458671875 0.5742008359375 0.74443433125 0.61447390625 0.73364725 0.6402567984374999 0.7108585578125 0.657523053125 0.6680423921875 0.6576122796874999 0.6258260609375 0.6253799328125 0.5534693749999999 0.6108897546875001 0.5414677640625001 0.588755428125 0.53442345 0.5654412671875 0.5383645031250001 0.545631915625 0.5531273328124999 0.535082790625 0.5644398828125 0.5280930078125 0.5881357578124999 0.531801078125 0.6943210328125 0.5471092125 0.7297458671875
1 0.1526323859375 0.6262623703125 0.13983265312499998 0.662668753125 0.14281199375 0.703214475 0.1577384140625 0.7277084703125001 0.18488456874999998 0.7439584828125 0.2240868640625 0.747279865625 0.25972982031249997 0.738217925 0.3164164921875 0.704969334375 0.3345354 0.6417985109375001 0.3463188890625 0.621062140625 0.347226071875 0.6022690328125 0.36018939687499996 0.5705472953124999 0.35613928281249996 0.5441100375000001 0.3444995484375 0.524191625 0.3284478234375 0.51224454375 0.2861769625 0.5105937703125 0.267874628125 0.5237405203125001 0.22008630468749998 0.587947421875 0.1707711296875 0.608430975 0.1526323859375 0.6262623703125
1 0.560949934375 0.3649781265625 0.5829752 0.36889934375 0.6249734078125 0.3627423765625 0.65226331875 0.33833760625 0.6638286859375 0.31135504375 0.6583607796875001 0.244317534375 0.646502925 0.218152928125 0.6321218078124999 0.20927441249999998 0.5145694515625 0.20087181250000002 0.49443291718750004 0.206265353125 0.4685409640625 0.2259309484375 0.471193121875 0.25710738125 0.5080555828125 0.327738928125 0.521093271875 0.342918165625 0.560949934375 0.3649781265625
1 0.7321600671875 0.4324816 0.7482464875 0.4006508015625 0.7450490265624999 0.3538588875 0.7288882390625 0.338788709375 0.7054104859375 0.33804511875 0.6497945875 0.3571852453125 0.6242298171875 0.38622012968749997 0.619019703125 0.4161076671875 0.6372328125 0.445177246875 0.657805590625 0.45227609218750003 0.69215965 0.451076421875 0.7321600671875 0.4324816
1 0.75595511875 0.6661685203125 0.7814653593750001 0.6355720875 0.78215441875 0.6105327859375 0.7719671734375 0.587436746875 0.7414798015625 0.5650496031250001 0.7226866921874999 0.5641424203125001 0.6995361234375 0.57276811875 0.6813428499999999 0.589037965625 0.6726279265625 0.6081037265625 0.686538103125 0.648267734375 0.7185870234375 0.6706003484374999 0.75595511875 0.6661685203125
1 0.22113226875 0.394042796875 0.2310468625 0.409331096875 0.2801637515625 0.427940778125 0.3083261484375 0.42852077812499995 0.3655581265625 0.41088766874999993 0.39155914062499997 0.39434516875000003 0.3907411828125 0.370921946875 0.36628188281249996 0.34207048906250004 0.3460164515625 0.29900150625 0.32980113437499997 0.2823697796875 0.28994447343749996 0.26030981875000003 0.27276744375 0.2609096546875 0.2514510734375 0.2772885625 0.22939111250000002 0.31714522343749996 0.21998712812500001 0.3612502859375 0.22113226875 0.394042796875
1 0.7076512109374999 0.536525328125 0.7286403984375001 0.5107771296875 0.7260427703125 0.48116224531249996 0.714621159375 0.46749002500000003 0.697171478125 0.4602821203125 0.6535571890625 0.46493206875000004 0.6340750203125001 0.4890641875 0.6397412140625 0.5170084625 0.6543949812500001 0.53369471875 0.670283115625 0.5409571546875 0.690692303125 0.5433713546875001 0.7076512109374999 0.536525328125
1 0.3945236203125 0.5240081984375 0.4148782765625 0.5248608499999999 0.44115194375 0.516126090625 0.46520969687499997 0.48870728437500005 0.46713312343749996 0.4542441640625 0.46206676562500004 0.44347691874999995 0.44116680312499995 0.427008784375 0.41585485 0.4185119828125 0.3970617421875 0.4176048 0.378650346875 0.4276284546875 0.3596589515625 0.4658145078125 0.3576809953125 0.4987160796875 0.362747353125 0.5094833249999999 0.3945236203125 0.5240081984375
1 0.5150652015625 0.34938247968749997 0.4963811546875 0.35159839375 0.47388494999999997 0.37896266875 0.47497555937499997 0.41019363281250004 0.4960391109375 0.43134641093750004 0.528886153125 0.4317628203125 0.5499298703125 0.4075761703125 0.5472777140625 0.3763997375 0.5150652015625 0.34938247968749997
1 0.41381738749999997 0.31539527343749996 0.44477569843750003 0.3064969234375 0.4569409015625 0.296691390625 0.4560138828125 0.270145071875 0.4097821328125 0.199840709375 0.3970716265625 0.1940307609375 0.37682603124999997 0.1963012046875 0.34501506718749997 0.2255542109375 0.34065760625 0.23508709218749999 0.34465318906250003 0.2599628015625 0.3807522234375 0.308732671875 0.3935172609375 0.3161041703125 0.41381738749999997 0.31539527343749996
1 0.5134590734375 0.6167889296875 0.4799031359375 0.5960723953125 0.448726703125 0.5987245531250001 0.4311877953125 0.6337329781250001 0.43852459687499995 0.6647458187499999 0.460822515625 0.676474778125 0.48893038281249995 0.6754932296875 0.5071781859375 0.66078493125 0.5160021703125001 0.644842265625 0.5134590734375 0.6167889296875
1 0.527869909375 0.44743283125 0.49647535468750004 0.443838796875 0.47688412500000005 0.46484781875000003 0.47485163750000003 0.4961878421875 0.49602425156249996 0.5204637171875001 0.5241866484375 0.5210437171875 0.5467919140624999 0.4968025375 0.5458648968750001 0.47025621875 0.527869909375 0.44743283125
1 0.415205459375 0.5342301390624999 0.39194582968749997 0.539732740625 0.37580487812499996 0.570001990625 0.39251096875 0.60068765 0.405112415625 0.6033745015624999 0.43154967343750006 0.5993243875 0.446456259375 0.57847895625 0.442242553125 0.5473570546875 0.415205459375 0.5342301390624999
1 0.1850778796875 0.5704085140624999 0.2114606078125 0.5647968515625 0.249299640625 0.5290795312500001 0.26237202656249997 0.5004808890625 0.26317014843750003 0.47856468437500005 0.252928371875 0.45390709687499997 0.22438426093750002 0.442396259375 0.2120009359375 0.4459556 0.20284976875 0.452528975 0.165992284375 0.5163541640625 0.1573864203125 0.5385430203125 0.1593842125 0.550980875 0.170805825 0.5646530953125 0.1850778796875 0.5704085140624999
1 0.72739608125 0.2512874828125 0.7053162859375 0.245804715625 0.67759013125 0.2577171015625 0.6752849921874999 0.281249384375 0.6932254484375 0.302511225 0.7074975046875001 0.3082666421875 0.7381831625 0.2915605515625 0.7388722234375 0.26652125 0.72739608125 0.2512874828125
1 0.39146002968750004 0.660135540625 0.3711053734375 0.6592828890625 0.356035196875 0.675443675 0.355018953125 0.6911136875 0.366549625 0.7079090031249999 0.3916979875 0.7117211609375 0.406877225 0.6986834703125 0.4076208171875 0.6752057171875 0.39146002968750004 0.660135540625
1 0.1763331703125 0.2752213796875 0.1497868515625 0.2761483984375 0.1316481078125 0.29397979375 0.1307409265625 0.3127729015625 0.1486268515625 0.33247319375 0.1721046046875 0.333216784375 0.19191395625000002 0.3184539546875 0.195835175 0.2964286890625 0.1763331703125 0.2752213796875
1 0.4523306234375 0.3437559578125 0.42734585156250005 0.34462844531250003 0.41227567499999995 0.36078923125 0.411477553125 0.3827054359375 0.430870496875 0.40078964843750003 0.46037632031250003 0.395068925 0.46925483593750006 0.380687809375 0.4668753296875 0.3573191171875 0.4523306234375 0.3437559578125
1 0.623887775 0.46596814843749995 0.61397318125 0.45067984843750003 0.6060018484375 0.44626785625 0.5858653140625 0.45166139687499995 0.5755343125 0.46922014062499995 0.5776956953125 0.4863426390625 0.5858851484375001 0.49700082500000003 0.6063488671874999 0.5009765734375 0.6200210875 0.4895549609375 0.623887775 0.46596814843749995
1 0.72123918125 0.70177678125 0.700884525 0.7009241281249999 0.68565075625 0.7124002703125 0.6863596515625 0.732700396875 0.6993428109375001 0.7463180859375 0.7180813890625 0.7456637203125001 0.7331515671875 0.7295029343749999 0.7326607921875 0.7154490015625 0.72123918125 0.70177678125
1 0.62826998125 0.1437439203125 0.60786079375 0.1413297203125 0.5972571390625 0.151080721875 0.5950065296875 0.1761745546875 0.6096602984375 0.192860809375 0.6314674421875 0.1905358359375 0.6419620359375 0.1776617359375 0.6413076703125 0.15892315937499998 0.62826998125 0.1437439203125
1 0.230040503125 0.20142706875 0.204892140625 0.1976149109375 0.1850282578125 0.21081619218749997 0.185791684375 0.2326778671875 0.20340495781249998 0.2445704171875 0.21902044062499998 0.2440251125 0.23737730468749998 0.23243990937499998 0.2414621140625 0.2150992875 0.230040503125 0.20142706875
1 0.45186956875 0.1514674109375 0.4330219296875 0.1489986796875 0.4147195953125 0.16214543125 0.416880978125 0.17926793125 0.42986413749999997 0.1928856203125 0.448602715625 0.1922312546875 0.46222040625 0.17924809531250002 0.461511509375 0.15894796875 0.45186956875 0.1514674109375
1 0.42385596875 0.7371768703125 0.42278519374999995 0.751285334375 0.4310291796875 0.7635050671875 0.44357609531250003 0.7646303718749999 0.45735737656250003 0.75633185625 0.4566484796875 0.7360317296875001 0.445390459375 0.7270441546875 0.42385596875 0.7371768703125
1 0.44230205937499995 0.6833753359375 0.4348215015625 0.6930172781249999 0.43536680624999996 0.708632759375 0.44974792187499996 0.717511275 0.46218577656250004 0.7155134828125 0.469720865625 0.7074330890625 0.4674504203125 0.68718749375 0.44230205937499995 0.6833753359375
1 0.480245178125 0.516324378125 0.46775279375 0.5167606218749999 0.4542986953125 0.534428425 0.46270627031249995 0.551332803125 0.47218462031249997 0.5541287171875 0.4892525890625 0.550405784375 0.49517160000000005 0.5408183734375 0.49473535625 0.5283259890625 0.480245178125 0.516324378125
1 0.3942906390625 0.6068793109375 0.380345765625 0.6104931812500001 0.368453215625 0.6281064562500001 0.370396478125 0.6389827625 0.38332510625 0.651038903125 0.4005021359375 0.65043906875 0.412558278125 0.6375104390625 0.41028783437499994 0.61726484375 0.3942906390625 0.6068793109375
1 0.768060815625 0.5203447062500001 0.7475970984375 0.5163689578125 0.7338703468750001 0.5262290203125 0.7344701828125 0.54340605 0.74589179375 0.5570782703125 0.7630142921874999 0.5549168875 0.7721109296875001 0.5467819640625 0.7763593296875 0.5341259875000001 0.768060815625 0.5203447062500001
1 0.7501997 0.6804405765625 0.7476219078125 0.69616511875 0.754140753125 0.7037547375 0.7682492171875 0.7048255109375 0.777400384375 0.6982521359375 0.7751299406250001 0.678006540625 0.7594053984375 0.6754287484375 0.7501997 0.6804405765625
1 0.2831876703125 0.2011345796875 0.2756525828125 0.2092149734375 0.281155184375 0.2324746046875 0.3000028234375 0.2349433359375 0.31222255625 0.22669935156249998 0.31156819062499996 0.20796077343750002 0.303487796875 0.200425684375 0.2831876703125 0.2011345796875
1 0.2753055640625 0.1545062578125 0.2663179890625 0.16576427656249998 0.2655198671875 0.18768048125 0.2875451328125 0.1916017 0.2982033171875 0.1834122453125 0.2990014390625 0.161496040625 0.28774341875 0.152508465625 0.2753055640625 0.1545062578125
0 0.7611436421875 0 0.7439831609375 0.0099365765625 0.7076858406250001 0.000259940625 0.7032193171875 0.006669725 0.682973721875 0.00894016875 0.6765639375 0.004473646875 0.5500240062499999 0.007329065625000001 0.473835328125 0.019370346875 0.13487031562500001 0.0280803609375 0.12733522656250001 0.036160754687500005 0.0927630453125 0.031114232812499996 0.07171932812500001 0.05530088125 0.048405165625 0.059241934375000006 0.028595814062500002 0.07400476406249999 0 0.12567002656249998 0 0.318685221875 0.00943591875 0.4655369453125 0.017625371875 0.4761951296875 0.018225207812499998 0.49337216093749997 0.010526528125 0.49676790937500004 0.0110718328125 0.5123833906249999 0.017481615625 0.5168499125 0.015468964062500002 0.5935293640625 0.0336870484375 0.757055678125 0.044999598437499996 0.767604803125 0.0362301453125 0.785109015625 0.03677545 0.8007244968749999 0.05573215 0.8063163234375 0.059673203125 0.8296304859375001 0.0490695484375 0.8393814875000001 0.0781044328125 0.8649462578125 0.11256755468749999 0.866869684375 0.1255507140625 0.8804873750000001 0.13664514218749998 0.88479030625 0.13960464687500002 0.8799965999999999 0.195022259375 0.8999497078124999 0.21203569843749998 0.8946652281249999 0.26227789218750003 0.9007279953125 0.2854829921875 0.8936638453124999 0.3388482828125 0.89961755 0.37454576875 0.89211715625 0.38725627500000004 0.89792710625 0.549711815625 0.8938174859375 0.5696847578125 0.8837393 0.60587301875 0.890292840625 0.6149696546875 0.8821579171874999 0.6491601234375 0.876273603125 0.680554678125 0.8798676375 0.6870189921875001 0.8858957078125 0.7195933828125 0.8785043765625 0.7354815171875 0.8857668125 0.808601628125 0.8753961390624999 0.8178073250000001 0.8703843125 0.8189326296875 0.857837396875 0.8620016140625 0.837571965625 0.8800858249999999 0.818179021875 0.9054126390624999 0.7375585171875 0.9189212687499999 0.7214522609375 0.9200267375 0.66356591875 0.9246023203125 0.66027923125 0.918009109375 0.6057886359375 0.931354146875 0.5849977359375 0.921657675 0.5759556296875 0.9212759625 0.5650247921875 0.9318250859375 0.5537122421875 0.9156097703125001 0.5370805171875 0.9165714828124999 0.5198489562499999 0.9117232468750001 0.515327903125 0.91493556875 0.4730025109375 0.92537563125 0.4585668640625 0.9228870656250001 0.4320750765625 0.9273535890625 0.42566529218750004 0.9164227515625001 0.42604700468749995 0.910702028125 0.39654118125000004 0.924428778125 0.38668111875 0.9241015953125 0.3773118296875 0.9113365578125 0.3699403328125 0.910791253125 0.35432484999999997 0.9226292734375001 0.33515002968749996 0.9198432437499999 0.1210543390625 0.875772878125 0.067872475 0.86317143125 0.06518562343749999 0.8385485390625 0.0316495203125 0.8135092374999999 0.030960459375 0.7850383453124999 0 0.7611436421875 0