1 0.3235557046875 0.8035318281249999 0.35684175625000003 0.8007459062500001 0.3775282671875 0.7683557984375 0.3706545109375 0.7440667375000001 0.3467714171875 0.7321298828125 0.3257535625 0.7377763515625 0.3110354796875 0.7582249125 0.3099762078125 0.7832512859375 0.3235557046875 0.8035318281249999
1 0.6997632375 0.781799671875 0.7148126640625 0.7880947515625001 0.735177215625 0.7886640453125 0.7518599015625 0.77941971875 0.7708291453125 0.7484202265625 0.772462403125 0.732880821875 0.7601895125 0.7001687546875 0.740968240625 0.688721878125 0.720767015625 0.68659864375 0.7073555375 0.69461568125 0.687896315625 0.7302769953125 0.685283103125 0.7551400421875 0.6997632375 0.781799671875
1 0.7157503890625 0.5101074265625 0.7468291984375 0.513373940625 0.7710342515625 0.49235139375000003 0.775201403125 0.467651671875 0.7689016328125 0.4528495796875 0.7531148937500001 0.43862147343749996 0.7153303453125 0.4393634765625 0.6975043796875 0.4594853859375 0.6976723984375 0.487782965625 0.7157503890625 0.5101074265625
1 0.7362548062500001 0.359865178125 0.76815024375 0.35536199062499996 0.791781309375 0.32485247500000003 0.7898960265625 0.2979455109375 0.7721446859375 0.27251316875 0.7523541203125 0.28143084375 0.7144855625 0.2680240578125 0.699604153125 0.290026559375 0.6991188687500001 0.3245399 0.7362548062500001 0.359865178125
1 0.7858034984375 0.27709098125 0.8030601687500001 0.2773336234375 0.812299803125 0.26416478906249996 0.809597890625 0.24502752656250001 0.7993736109375 0.23766848437500002 0.7850614953124999 0.2393064328125 0.7780291046875 0.2464228328125 0.77557921875 0.26973193906250004 0.7858034984375 0.27709098125
1 0.435168171875 0.13026025624999998 0.4586406046875 0.13115620156250002 0.4720520828125 0.1231391640625 0.47450196875 0.0998300578125 0.45732461406249997 0.08388468437499999 0.4369600625 0.083315390625 0.42183131874999996 0.09272304218750001 0.41831746875000003 0.1112070015625 0.435168171875 0.13026025624999998
1 0.8304758796874999 0.3901926 0.8388988859375001 0.384793465625 0.836033646875 0.36721014375 0.8268733296875 0.3646762484375 0.816733059375 0.371465996875 0.8197616234374999 0.3874953796875 0.8304758796874999 0.3901926
1 0.399983209375 0.539763225 0.4251729078125 0.5392685562499999 0.4356398296875 0.529370928125 0.43637245 0.5074524359375 0.42492088125 0.49682218593750005 0.4062735953125 0.494862278125 0.3920454890625 0.5106490171875 0.391966171875 0.526351746875 0.399983209375 0.539763225
1 0.4326347265625 0.662599146875 0.45299927812499996 0.663168440625 0.461585609375 0.6562153671875001 0.46002697656249997 0.6262005203125 0.449966021875 0.6172875390625 0.4294381453125 0.618272184375 0.4205251625 0.6283331390625 0.41856525468749994 0.646980425 0.4326347265625 0.662599146875
1 0.45039969375 0.254407475 0.4548141796875 0.24230260312500002 0.44925172187499995 0.23543353749999998 0.43976475312499996 0.2360075234375 0.43690420625000004 0.24827572187500002 0.45039969375 0.254407475
1 0.7447336671875 0.1895057140625 0.760273071875 0.191138971875 0.7740112015625 0.18001405312500002 0.7756444578125 0.16447464843749998 0.7688547109375 0.1543343765625 0.7522513421875 0.1478759734375 0.73507868125 0.1617821203125 0.7349993640625 0.17748485 0.7447336671875 0.1895057140625
1 0.2946841375 0.794212878125 0.304824409375 0.7874231296875001 0.30768495625000003 0.77515493125 0.29950459375 0.76329739375 0.28069398125 0.7628914250000001 0.2747255546875 0.774832971875 0.27947138437499996 0.7894717390625 0.2946841375 0.794212878125
1 0.3844719578125 0.7172390890625 0.3956761921875 0.7152744890625 0.40000667031250003 0.6890208265625 0.3834033015625 0.6825624218749999 0.37277305312500003 0.6940139921874999 0.3730203875 0.706608840625 0.3844719578125 0.7172390890625
1 0.8173910531249999 0.39510175625 0.8164064078125 0.374573878125 0.805202171875 0.3765384796875 0.8032422640625001 0.3951857640625 0.8173910531249999 0.39510175625
1 0.7613609453125 0.86840029375 0.77894426875 0.8655350546875 0.784502034375 0.8425526 0.7590650015625 0.83045241875 0.7457375328125 0.8526182468749999 0.749582725 0.8608779249999999 0.7613609453125 0.86840029375
1 0.2905728421875 0.6539522671875 0.29547730625 0.6371855734375 0.2792005890625 0.6276192890625001 0.2600633265625 0.6303212015625 0.2554855140625 0.6439800140624999 0.259657359375 0.6491318125000001 0.2905728421875 0.6539522671875
0 0.2735029578125 0.8014132859374999 0.3015578953125 0.8185019390624999 0.3590536921875 0.824544990625 0.43822064687499995 0.8187258125 0.4481975921875 0.8134900046875 0.4598124875 0.8225663125 0.6031016609375001 0.8344843984375 0.75285393125 0.8596506375 0.7601336578125 0.8651290875000001 0.7811515109375 0.8594826187500001 0.8021646734375001 0.8239846312499999 0.8265048984375 0.622299021875 0.8655350546875 0.22105573125000003 0.8621751468750001 0.1782827109375 0.8526041703124999 0.16470790625 0.8319922828124999 0.1515437640625 0.74513494375 0.1408435828125 0.6745543203125 0.13970968749999998 0.6330085875 0.1463408015625 0.629247403125 0.1522299109375 0.5604633625 0.1340026703125 0.5090200015625 0.1301668625 0.4730320375 0.11381552187499999 0.472948028125 0.09966673125 0.461659784375 0.0874825421875 0.438677328125 0.081924775 0.42240530468750004 0.1022100109375 0.3915738296875 0.1115383453125 0.3523986671875 0.1105630828125 0.333835390625 0.1227519640625 0.3171573984375 0.1618478109375 0.321002590625 0.170107490625 0.315687465625 0.175833275 0.3157761671875 0.21983358437499997 0.31046104375 0.2255593703125 0.297488378125 0.42372643749999994 0.27298482812499997 0.6269659859375001 0.25875672031249997 0.642752725 0.26865435 0.6532196484374999 0.2713562625 0.6723569109375 0.2632739859375 0.7642027234375 0.2735029578125 0.8014132859374999