1 0.2877613578125 0.8425457218749999 0.30768380781250004 0.857968484375 0.3335528875 0.8647598578125001 0.35475499843749997 0.8598503421875 0.36887301250000004 0.8492116546874999 0.3822884765625 0.82111781875 0.38443796875 0.794596365625 0.3770862390625 0.7683174578124999 0.3507320671875 0.7425236421875 0.329069953125 0.73947923125 0.30433833906249996 0.74704841875 0.282074028125 0.77074291875 0.27443791093750003 0.8138496875 0.2877613578125 0.8425457218749999
1 0.045204209375 0.873148615625 0.060677146875 0.8753231953125 0.07569008125 0.8695438484375 0.08424620625 0.8423449328125001 0.08112653125 0.8308615015624999 0.06983547031250001 0.82138536875 0.04442639375 0.8225479234374999 0.0349502609375 0.833838984375 0.034565521875 0.8590306015625 0.045204209375 0.873148615625
1 0.71359348125 0.46217081562500006 0.74173749375 0.49768331093749996 0.7603301078125 0.511341321875 0.793065825 0.525409159375 0.8211345718749999 0.527776109375 0.8392420953125 0.522431678125 0.8575419875 0.5044914375 0.863438440625 0.47376301875 0.8536444968750001 0.4424073125 0.8224058968750001 0.406459903125 0.7670629703125 0.3623912828125 0.7321275859374999 0.35274786874999997 0.715784815625 0.3567624640625 0.6952852546875 0.379127128125 0.6913710109375 0.4069784171875 0.71359348125 0.46217081562500006
1 0.3098501375 0.44960834531250005 0.33332717968750003 0.4734199515625 0.3843878765625 0.4805960640625 0.4203854625 0.47145449531250005 0.43803298125 0.4581561359375 0.44968369375000006 0.4313921359375 0.45205064375 0.4033233890625 0.4442639984375 0.38013906875000003 0.4263237578125 0.36183917656250003 0.40243688750000006 0.352170675 0.3491765234375 0.349418984375 0.3257747453125 0.3587529234375 0.3107868984375 0.3755807875 0.30095111406249997 0.42311197968750003 0.3098501375 0.44960834531250005
1 0.1454521640625 0.7436526890625 0.1673066484375 0.7341012921875001 0.171898353125 0.7126566359375001 0.1643542546875 0.6989735375 0.14157976249999998 0.6926170796875 0.131643625 0.6959542140625 0.12308749999999999 0.7231531296875 0.126424634375 0.7330892671875 0.1454521640625 0.7436526890625
1 0.5202652640625 0.8610213140624999 0.5432572140625 0.8658304781249999 0.5584625187500001 0.847455321875 0.5594996328125 0.817621821875 0.5486434874999999 0.8050511015625 0.52478170625 0.8064311140625 0.50868148125 0.8199469296874999 0.505854528125 0.8400617499999999 0.5202652640625 0.8610213140624999
1 0.2435757171875 0.6517267312499999 0.2705320859375 0.6507816359375 0.285302475 0.6355010671875 0.285034840625 0.61495133125 0.2684244359375 0.598416190625 0.2496394515625 0.5973539890625 0.23332176875 0.6124170984374999 0.23160719375 0.635843965625 0.2435757171875 0.6517267312499999
1 0.5191446359375 0.46482206875000004 0.54854321875 0.46895377031249996 0.5697202406249999 0.45299574062500003 0.5736344843750001 0.42514445 0.5574589953125 0.40551472187500004 0.5293902484374999 0.40314777343749997 0.5119601890625 0.4148988375 0.506063734375 0.44562725625 0.5191446359375 0.46482206875000004
1 0.44295074687499997 0.8722454453124999 0.4601884375 0.8730901890625 0.4661350671875 0.8644588000000001 0.4658674328125 0.8439090640625 0.443092940625 0.83755260625 0.436033934375 0.8428719499999999 0.43364189687500004 0.8598921828125 0.44295074687499997 0.8722454453124999
1 0.44746718906250005 0.8176552453125 0.46646963125 0.817170153125 0.4772756 0.80764384375 0.47654796250000003 0.7791401796875 0.4683514890625 0.7700989625 0.44448970625 0.771478975 0.43259644843749995 0.788741753125 0.4319691625 0.80443215 0.44746718906250005 0.8176552453125
1 0.562811678125 0.81650944375 0.5849087078124999 0.8164592687500001 0.59237754375 0.796996821875 0.5892578671875001 0.785513390625 0.5678132109375 0.7809216859375 0.5550250328125 0.793325125 0.5548326625 0.8059209328125 0.562811678125 0.81650944375
1 0.43347478281249996 0.299729965625 0.45690164843750003 0.30144454062500003 0.47321933125 0.2863814296875 0.4740389875 0.25809522500000004 0.4605231703125 0.24199500000000002 0.43820868281249997 0.2435924703125 0.4225433734375 0.2540137 0.4186291296875 0.2818649890625 0.43347478281249996 0.299729965625
1 0.719724146875 0.33995968906249996 0.7493401875 0.342544096875 0.76012106875 0.32196927343750004 0.755211553125 0.3007671625 0.7439204921875 0.2912910296875 0.7151993703125 0.2935659625 0.7074879890625 0.30352718749999996 0.7073207078125 0.3271715109375 0.719724146875 0.33995968906249996
0 0.06535663124999999 0 0.0142166578125 0.36387981406250003 0.016374484375 0.4383422890625 0.00874121875 0.515109853125 0 0.56492520625 0 0.9099611359375 0.025214828124999998 0.9255642375 0.10369189999999999 0.9397491812500001 0.32202761562500004 0.94676643125 0.489352809375 0.9687045984375 0.56956954375 0.9705111921875 0.7176825171875 1 0.867199159375 1 0.9247864234375 0.924184478125 0.9460554625 0.851436578125 1 0.49350521875000003 1 0.0669344859375 0.5237363796875 0 0.06535663124999999 0