1 0.3121731421875 0.8565163171875 0.3331229 0.8705117906250001 0.35940270625 0.875482084375 0.3802106984375 0.8691055437499999 0.3935522046875 0.8575079484374999 0.4049752625 0.8285467328125 0.405269475 0.8019399437500001 0.39610253125 0.7762378812499999 0.3680132703125 0.752345271875 0.3461915578125 0.7508193484375 0.32204818749999997 0.7600952875 0.30149095625 0.78528515 0.296880415625 0.8288195828125 0.3121731421875 0.8565163171875
1 0.07234159999999999 0.9039645953125 0.0879285375 0.905054540625 0.1025017546875 0.898242021875 0.10913973749999999 0.870512515625 0.1052266171875 0.8592746765625 0.0933020390625 0.8506092515624999 0.0680359546875 0.8535414203125 0.05937052968749999 0.8654659984374999 0.0607440046875 0.8906230890625 0.07234159999999999 0.9039645953125
1 0.7104343484375 0.44736343749999996 0.7409870296875 0.4808261984375 0.7604870874999999 0.493153984375 0.794124384375 0.5049040265625 0.8222898687500001 0.5053072328125 0.8399804718749999 0.498712703125 0.8569843390624999 0.47953962812500006 0.8607229234375 0.448474746875 0.8487655734375 0.4178786125 0.8150955062499999 0.3841978625 0.75681331875 0.3440971203125 0.7212903453124999 0.336914165625 0.705267428125 0.3420589953125 0.6863778843749999 0.3657991578125 0.684415984375 0.39385564687499997 0.7104343484375 0.44736343749999996
1 0.3067981890625 0.46299528125 0.33187905624999997 0.48511120781250006 0.3833159515625 0.48870802500000005 0.4185881671875 0.477077659375 0.43526505000000004 0.4625806671875 0.4450204203125 0.43506915 0.4454236265625 0.4069036671875 0.4360386921875 0.3843189921875 0.4168656171875 0.367315125 0.39236249375 0.3593364375 0.33903992031249996 0.36030670625 0.3163462515625 0.371250334375 0.30256876718750003 0.3890827046875 0.29607255 0.4371842234375 0.3067981890625 0.46299528125
1 0.163312178125 0.7677911703125 0.18444715312499999 0.7567385484375 0.18753177031249998 0.7350258296875001 0.1790515625 0.7219023109375 0.15588914375000001 0.71715000625 0.1462099984375 0.721172121875 0.139572015625 0.7489016265624999 0.14359412968750002 0.7585807734375 0.163312178125 0.7677911703125
1 0.5453994734375 0.8587282515625001 0.5686708859375 0.8619218625 0.5825573656249999 0.8425307984374999 0.5815108718750001 0.8126976265625 0.5698042828125 0.8009148140625 0.5460968921875 0.8039559781250001 0.530978703125 0.8185619656249999 0.529561775 0.8388249859375 0.5453994734375 0.8587282515625001
1 0.254784275 0.6692443859375 0.281609053125 0.6664212109375 0.29527754375000004 0.6501475359375 0.29357708437499996 0.6296665265625 0.275853709375 0.6143303484375 0.25704038906250004 0.6145811078125 0.24181320468749998 0.6307457890625 0.24173698125 0.6542351921875 0.254784275 0.6692443859375
1 0.5166441125000001 0.4635722984375 0.5462592953125001 0.46564319374999996 0.5662715546875 0.44824680156249996 0.56823345625 0.42019031250000005 0.55072806875 0.401736746875 0.5225625859374999 0.40133354062500004 0.505994696875 0.41427183906250004 0.5022561140625 0.44533672187500006 0.5166441125000001 0.4635722984375
1 0.46905624687499997 0.8753182296875 0.4863108734375 0.874958475 0.491640921875 0.8659332953125001 0.4899404625 0.8454522859375 0.46677804375000004 0.84069998125 0.460107290625 0.8464987781250001 0.4589083515625 0.8636444109375001 0.46905624687499997 0.8753182296875
1 0.469753665625 0.8205459562499999 0.48867598125 0.818736503125 0.49879110468750004 0.8084796125 0.496076925 0.780096140625 0.487269734375 0.7716487046875 0.46356234374999994 0.77468986875 0.452902246875 0.7927402265625 0.4533709953125 0.808436159375 0.469753665625 0.8205459562499999
1 0.5847372546875 0.811356921875 0.6067769578125 0.8097654578125001 0.6128699671875 0.7898294203125 0.608956846875 0.7785915812499999 0.587244128125 0.7755069640625 0.5753523203124999 0.788772246875 0.576039059375 0.8013507921875 0.5847372546875 0.811356921875
1 0.419666703125 0.30485837656250003 0.44315610625 0.30493460156249996 0.4583832890625 0.28876991875 0.457227803125 0.260495440625 0.4426218140625 0.24537725156249998 0.4204731171875 0.24852741093750003 0.4055729171875 0.2600160109375 0.403611015625 0.2880725 0.419666703125 0.30485837656250003
1 0.7080250625 0.3250223578125 0.7377492390625 0.325534559375 0.74706863125 0.30425781875 0.740692090625 0.2834498265625 0.7287675124999999 0.2747844015625 0.7002750453125001 0.279057275 0.6932773078125 0.2895321546875 0.694759778125 0.31313055156249997 0.7080250625 0.3250223578125
0 0.033742456250000004 0 0.0059047375 0.398097928125 0.013251546875 0.47222849375 0.010991909375000001 0.5493415265625 0 0.6547631234375 0 0.9014126890625 0.0182888359375 0.9377764296875 0.0560572421875 0.9576469234375 0.13533263906249998 0.9663230296875 0.3536259984375 0.9580928562500001 0.5220739265625001 0.96830556875 0.602221278125 0.9645121234375 0.8475139531250001 0.9957614984375001 0.87745611875 0.9931563125 0.89547370625 0.9818857 0.953341278125 0.8935195828125 0.9694838703125 0.819465240625 1 0.43773996875 1 0.035308771875 0.4950610359375 0 0.033742456250000004 0