1 0.43568247031249996 0.6035807796875 0.41427438125 0.5766405546875 0.3555628890625 0.5381100296875 0.3461893171875 0.5379464125 0.3335003359375 0.5486640921875 0.32196457500000003 0.5828429703125 0.3196115015625 0.6281213 0.3305825109375 0.715826128125 0.34275337499999997 0.734791428125 0.37221819843750004 0.7478076421875001 0.4050257015625 0.7483803 0.42558053124999995 0.73467444375 0.4464898640625 0.70065918125 0.4491156328125 0.63975823125 0.43568247031249996 0.6035807796875
1 0.480411053125 0.2793120140625 0.47120109687499995 0.269774825 0.43839359531250005 0.26920216875 0.40539520625 0.2795653453125 0.3864026375 0.2932984703125 0.368863253125 0.3133079140625 0.3637401578125 0.33822229843749996 0.3725683421875 0.3696311546875 0.3907700984375 0.40120362812500004 0.44016255624999995 0.4364460125 0.4493179734375 0.449107725 0.46803784843749996 0.4509972203125 0.487766690625 0.39508302031250003 0.495051975 0.335826140625 0.480411053125 0.2793120140625
1 0.7241705609375 0.19136530937500001 0.704079309375 0.1785127109375 0.661898234375 0.1777764375 0.639753871875 0.1930172859375 0.618326421875 0.256715528125 0.5576515343749999 0.33066786718749996 0.558450253125 0.37443847343750003 0.5751170171875 0.404421415625 0.6000314015625 0.4095445125 0.6266716640625 0.40532130468750005 0.6598882078125 0.38246003281249996 0.6944488578125 0.372124125 0.7103169015625 0.35833645937499997 0.7381570171875 0.285373725 0.7391932546875 0.22600776718749999 0.7241705609375 0.19136530937500001
1 0.7247282140625 0.6070633546875001 0.7045551546875 0.5988975421875 0.6060781078125 0.6003040953125 0.5820442515625001 0.63426481875 0.5827066234375 0.685846734375 0.611871484375 0.71604783125 0.6397467765625 0.7305990390625 0.6881768984375001 0.7314443890625 0.713418515625 0.7178203421875 0.731094246875 0.6899995890625 0.7410950140625 0.654231178125 0.7354186234375 0.6213145984375 0.7247282140625 0.6070633546875001
1 0.5545349171875 0.41968953437499995 0.5374591125 0.41314052187500006 0.512299303125 0.422077784375 0.4916353953125 0.4420326890625 0.4893641296875 0.4826242328125 0.5089099921875 0.5267220703125 0.5417447640625 0.525732465625 0.557640078125 0.5103825390625001 0.5660240453125 0.47771138437499994 0.5636357953125 0.4354757703125 0.5545349171875 0.41968953437499995
1 0.5911601328125 0.2015455078125 0.5787165765625 0.198202828125 0.561422615625 0.20415191406250002 0.50746035625 0.2516548765625 0.5098213375 0.295452753125 0.5267880640625 0.30825081249999997 0.5580605750000001 0.3072339375 0.6012778859375 0.24860425468749997 0.601741465625 0.2220458 0.5911601328125 0.2015455078125
1 0.37188660625000003 0.40868770625 0.3406959046875 0.40501779375 0.3166347796875 0.4405407796875 0.31910483749999996 0.4780896078125 0.36995048124999996 0.519608309375 0.394892134375 0.52316914375 0.40842646718750003 0.4640213421875 0.402559190625 0.4420405953125 0.37188660625000003 0.40868770625
1 0.49335772499999997 0.7014772625 0.47463785 0.6995877671875 0.4492053484375 0.72414765 0.4276960890625 0.7925326765625 0.43339974843749995 0.8238869953125001 0.44260970468750005 0.8334241828125 0.4879425734375 0.8326527328125 0.503892425 0.8141782828125 0.5122491234375001 0.7830693890625 0.5116958281249999 0.725238425 0.49335772499999997 0.7014772625
1 0.6779852453124999 0.778148634375 0.65183583125 0.7542511249999999 0.63311595625 0.7523616296875 0.62363330625 0.7584470609375 0.60593030625 0.7878300765625 0.6023967406249999 0.8112094687500001 0.6066744859375001 0.8347252062500001 0.6203803421874999 0.8552800375 0.6546137609375 0.8636912734375001 0.671962259375 0.854617665625 0.6849512046874999 0.826715103125 0.6839616000000001 0.79388033125 0.6779852453124999 0.778148634375
1 0.667352921875 0.491981990625 0.650168040625 0.4916820265625 0.6264068765624999 0.5100201296875 0.627205596875 0.5537907359375 0.6423919062500001 0.579059621875 0.664263575 0.57944139375 0.6801588890625 0.5640914671874999 0.6884883171875 0.5345448359375 0.6827028484375 0.5078773046875 0.667352921875 0.491981990625
1 0.5618518296875 0.7167374734374999 0.5462564796875 0.7149025171875001 0.5272639109374999 0.72863564375 0.5232667656250001 0.7785734890625 0.5291067734375 0.802116496875 0.5445112390625 0.8148872875000001 0.572822840625 0.8044423015625 0.5841131765625 0.78432378125 0.586302634375 0.7484190234375 0.575721303125 0.7279187328125001 0.5618518296875 0.7167374734374999
1 0.48358656718750004 0.5450329046875 0.47117027968749997 0.5401279640625 0.4586176453125 0.5430343328125 0.4395432671875 0.56145424375 0.43749015625 0.589547690625 0.454211459375 0.616406109375 0.48071537500000006 0.6199942125 0.4917602875 0.6139360500000001 0.4983365671875 0.5952979828125 0.49731969375 0.5640254734375 0.48358656718750004 0.5450329046875
1 0.6167254343749999 0.4379651921875 0.5885774484375 0.4390366046875 0.580057134375 0.47951907031249996 0.5874866734374999 0.5015270859375 0.6061520093749999 0.5065411046875 0.6203487140624999 0.49897521874999995 0.631720859375 0.4741699125 0.6288962984375 0.456930490625 0.6167254343749999 0.4379651921875
1 0.5492561109375 0.5430536953125 0.52264311875 0.5457146390625 0.5097905203125 0.565805890625 0.5153851031250001 0.60340925625 0.5323518296875 0.616207315625 0.5558948375 0.6103673093750001 0.568801975 0.587151534375 0.5661137609375 0.562100803125 0.5492561109375 0.5430536953125
1 0.464422475 0.4790633984375 0.45356845 0.47418572656249997 0.44101581406249996 0.47709209531249996 0.4297527484375 0.495648353125 0.43548367812500005 0.525440409375 0.44784542656250004 0.533469875 0.46352258593749995 0.5306180453125 0.4732779296875 0.5089099921875 0.47198836093749996 0.493260103125 0.464422475 0.4790633984375
1 0.4025900078125 0.1716874578125 0.3789651921875 0.18221425156249998 0.37362394062500004 0.21962673124999998 0.387329796875 0.24018156249999997 0.409256003125 0.237438809375 0.4206281484375 0.212633503125 0.42095538125000004 0.19388635781250002 0.4025900078125 0.1716874578125
1 0.335938765625 0.2299081 0.32176933124999996 0.23591172343750003 0.314947625 0.2686101484375 0.32550168749999997 0.290672703125 0.337972515625 0.2924531203125 0.349071965625 0.283270434375 0.35290549375 0.242706159375 0.335938765625 0.2299081
1 0.38751358593749996 0.76682748125 0.363997846875 0.7711052265625 0.3571488734375 0.8053659124999999 0.3646602203125 0.8226871421874999 0.3832710171875 0.8308256843749999 0.3959054609375 0.8232325296875 0.40127398124999997 0.7842577875 0.38751358593749996 0.76682748125
1 0.700097978125 0.40660296718750005 0.6844480890625 0.407892534375 0.67488363125 0.418664753125 0.6743655125 0.44834773125 0.6835481999999999 0.45944718125 0.7006785437499999 0.46287166874999996 0.7054471375 0.45826669062500003 0.715093403125 0.44280768750000005 0.7123233812499999 0.42244374218749997 0.700097978125 0.40660296718750005
1 0.5395632140625 0.650713428125 0.52394059375 0.6504407343749999 0.5111152640625 0.6689697234375 0.5138580171875 0.6908959296875 0.52153298125 0.6988435875000001 0.54186965625 0.6976358265625 0.553078184375 0.6822040921875 0.5518431546875 0.6634296796875 0.5395632140625 0.650713428125
1 0.299937196875 0.6809109765625 0.2779837203125 0.6852159906249999 0.2743683484375 0.71328216875 0.2788915171875 0.7227375484375 0.2928427984375 0.7292320218749999 0.311753559375 0.72018568125 0.313861209375 0.6889677109375001 0.299937196875 0.6809109765625
1 0.3033186015625 0.48719048593750003 0.28295465625 0.4899605078125 0.2793392828125 0.518026684375 0.29156468593749996 0.5338674609375 0.30883137656250004 0.5294806375000001 0.3125012875 0.4982899359375 0.3033186015625 0.48719048593750003
1 0.72827759375 0.7618363718750001 0.7157249578125 0.764742740625 0.705915075 0.7895753171875 0.7164964078125 0.810075609375 0.740039415625 0.8042356015625 0.742119796875 0.7745798921875 0.72827759375 0.7618363718750001
0 0.183778684375 0 0.17728122968749999 0.0083554015625 0.167962196875 0.0050672609375 0.1710673578125 0.095760265625 0.15385246875 0.9924713984375 0.58516575 1 0.825711753125 1 0.84590210625 0.021588959375 0.8321144421875 0.005720915625 0.45156037187500003 0 0.183778684375 0