0 0.0125582140625 0 0 0.7194595828125 0 0.9909579468749999 0.5180188671875 1 0.99134863125 1 1 0.504363390625 1 0.010292243750000001 0.41035773906250006 0 0.0125582140625 0
1 0.231287384375 0.7641005421875 0.260834015625 0.7724299703125 0.36720417968749997 0.766472978125 0.3798658921875 0.7573175609375 0.39756889218749997 0.727934546875 0.39060293437500004 0.6793680765625 0.393255971875 0.616904865625 0.3842641703125 0.5948695796875 0.37034015937500003 0.5868128453125 0.248483721875 0.584685834375 0.2327520234375 0.5906621875 0.21957219218750001 0.6295005828125 0.2160738046875 0.7403939171875 0.231287384375 0.7641005421875
1 0.612884 0.3894532609375 0.62686255 0.394385471875 0.676854934375 0.3952580921875 0.75030851875 0.394977490625 0.77089061875 0.379709371875 0.7870040875 0.35186134999999996 0.792127184375 0.32694696562500003 0.7931361515625001 0.26914327031249996 0.77512528125 0.2266349640625 0.7316819078125001 0.20868653906249998 0.6942148875 0.2064698109375 0.6157745546875 0.2238534859375 0.6043206015625 0.25334557812499997 0.6037285828125001 0.3767915484375 0.612884 0.3894532609375
1 0.3322107671875 0.5330142015625 0.35227474999999997 0.5474290625 0.39448309375 0.5466030734375 0.4246569203125 0.5190004765625 0.42547500312500003 0.472132615625 0.3963101421875 0.44193151875 0.3447554953125 0.441031628125 0.319241184375 0.470278296875 0.31853218125 0.510897109375 0.3322107671875 0.5330142015625
1 0.22940143750000003 0.514029540625 0.24179045625 0.52049674375 0.279366553125 0.5164644234375 0.2890400875 0.4994431578125 0.284953228125 0.464991584375 0.260175190625 0.452057178125 0.236659453125 0.4563349234375 0.21920187656249998 0.47165757968750005 0.218765565625 0.49665377343749995 0.22940143750000003 0.514029540625
1 0.7253087781249999 0.66333205625 0.7612408046875 0.663959253125 0.786782384375 0.633150321875 0.784394134375 0.590914709375 0.75819018125 0.5701417234374999 0.730096734375 0.5680886125 0.7049369265625 0.5770258734375 0.6935375125000001 0.6033934421875 0.6944998484375 0.6377904765625 0.7253087781249999 0.66333205625
1 0.7275175984375 0.5367888328125 0.7603523703125 0.5357992281249999 0.790471659375 0.511321153125 0.78959113125 0.47223733437500004 0.7711984890625 0.4516006953125 0.7572199390625001 0.44666848437500006 0.7149297875 0.452181259375 0.6988435875000001 0.47846701875 0.6998331921875 0.5113017906249999 0.7275175984375 0.5367888328125
1 0.6058247765625 0.5252882484375 0.641756803125 0.52591544375 0.6545821328125 0.5073864546875 0.65510025 0.4777034765625 0.6444371109375 0.4618899703125 0.633583084375 0.45701229843749996 0.6069428218749999 0.46123550625 0.5879229828125 0.47653089375 0.587432134375 0.504651609375 0.6058247765625 0.5252882484375
1 0.48140856562499995 0.401222990625 0.4953598453125 0.40771746249999996 0.5110097359375 0.4064278953125 0.529947765625 0.39581929374999997 0.5379772296875001 0.38345754374999996 0.540030340625 0.355364096875 0.517087259375 0.32683433906250003 0.48425248749999994 0.3278239453125 0.465096303125 0.3509306421875 0.4646054546875 0.379051359375 0.48140856562499995 0.401222990625
1 0.23499956875 0.28284203125 0.286581484375 0.2821796578125 0.3040663296875 0.2652947390625 0.30784531875 0.22785498906249999 0.303458496875 0.2105882984375 0.275555934375 0.19759935312500002 0.24743521875000002 0.19710850468750002 0.23639030625 0.2031666671875 0.220385915625 0.2247656421875 0.21970418125000002 0.2638221921875 0.23499956875 0.28284203125
1 0.47704546406250004 0.6511849140625 0.50047939375 0.6515939546875 0.5224874093749999 0.6441644156249999 0.53084410625 0.6130555234374999 0.523332759375 0.59573429375 0.503268778125 0.5813194328125 0.4687626671875 0.5885308171875 0.45906186250000003 0.6071143453125 0.46155919062499995 0.6431009109375 0.47704546406250004 0.6511849140625
1 0.864918396875 0.2750844484375 0.8791151015625 0.2675185625 0.8764814265625 0.23934330781250002 0.8656001312500001 0.2360278984375 0.85293841875 0.245183315625 0.8510216546875 0.2654654515625 0.864918396875 0.2750844484375
1 0.51033945625 0.2657697734375 0.5213570984375 0.2612738734375 0.5219024859375 0.2300286328125 0.50482668125 0.223479621875 0.4842991203125 0.235623215625 0.48243689375 0.252780828125 0.4901118578125 0.2607284859375 0.51033945625 0.2657697734375
1 0.372833128125 0.2649323296875 0.3947593359375 0.262189578125 0.40432379375 0.251417359375 0.4015265015625 0.23261567656249998 0.389192021875 0.22302395000000003 0.3704176078125 0.224258978125 0.3591818109375 0.241252975 0.362033640625 0.256930134375 0.372833128125 0.2649323296875
1 0.378139203125 0.14000590625 0.400038140625 0.138825415625 0.40650534374999997 0.1264363984375 0.40365351406250005 0.1107592390625 0.36774875625000003 0.10856978125000001 0.3689837859375 0.12734419375 0.378139203125 0.14000590625
1 0.72197400625 0.76485181875 0.74705200625 0.7606013421875 0.75680735 0.738893290625 0.7539827890625 0.7216538703125 0.7243816187500001 0.7164489656249999 0.711556290625 0.7349779546875 0.7129276671875 0.7459410578125001 0.72197400625 0.76485181875
1 0.47656252187500003 0.7683818359375 0.5126581640625 0.759635459375 0.5208239765625 0.7394624000000001 0.5180812234375 0.7175361921875 0.49335772499999997 0.7014772625 0.476063765625 0.707426346875 0.4568803109375 0.73209530625 0.4627475875 0.754076053125 0.47656252187500003 0.7683818359375
1 0.6124793171875 0.770754271875 0.636104134375 0.760227478125 0.64284403125 0.7322158390625 0.6383753999999999 0.7196359359375 0.6213268640625 0.7115246625 0.5994279265625 0.712705153125 0.5881103203125 0.7343859359375 0.59088034375 0.7547498796875 0.6124793171875 0.770754271875
1 0.61627766875 0.6426760546875 0.639847946875 0.6352737859375 0.6463151500000001 0.6228847671875 0.6451619281250001 0.5994235671875 0.6297301937500001 0.5882150390625001 0.6015822078124999 0.5892864531249999 0.5934163953125 0.6094595125 0.59462415625 0.6297961875 0.61627766875 0.6426760546875
1 0.1457949234375 0.379737453125 0.15218031875 0.3720352203125 0.15261662812500001 0.347039028125 0.1371030859375 0.34051728593749997 0.11978185625 0.3480286328125 0.117756015625 0.37455981718750003 0.1457949234375 0.379737453125
1 0.2692136234375 0.381891734375 0.2740094875 0.37572449375 0.2713212734375 0.3506737625 0.2651540328125 0.3458778984375 0.24791461250000002 0.348702459375 0.24314601875 0.3533074375 0.24435377812499998 0.37364411406250003 0.2692136234375 0.381891734375
1 0.4825740515625 0.8716274765625001 0.4966344109375 0.8718729 0.5094324703125 0.8549061734375 0.49871479062499996 0.842217190625 0.483119440625 0.8403822359375 0.47363679062499997 0.8464676671875001 0.4733368265625 0.86365255 0.4825740515625 0.8716274765625001
1 0.1357518828125 0.8655736718749999 0.1483863265625 0.8579805171875 0.1517017359375 0.847099221875 0.14103859531250001 0.8312857156250001 0.1239082515625 0.827861228125 0.109711546875 0.8354271140625 0.10774024374999999 0.8588337750000001 0.1154152078125 0.8667814328125001 0.1357518828125 0.8655736718749999
1 0.4951768671875 0.5077295015625001 0.5108540265625 0.504877671875 0.5143330515625 0.48462280468749996 0.5035335640625 0.47662060781250004 0.48941866718749993 0.4794997078125 0.48144374218749997 0.48873693281249997 0.48588510312500005 0.5028791 0.4951768671875 0.5077295015625001
1 0.7246701265625 0.8789787546875001 0.7403200171875 0.8776891859375 0.749884475 0.86691696875 0.747114453125 0.8465530234375 0.73938495 0.841729890625 0.71745874375 0.84447264375 0.7154056328125 0.8725660906250001 0.7246701265625 0.8789787546875001
1 0.2591978515625 0.8661656921875001 0.26714550937500003 0.858490728125 0.2581264390625 0.8380177062499999 0.23776249374999997 0.840787728125 0.23428346718749998 0.8610425953125 0.24042343906250002 0.8674007218750001 0.2591978515625 0.8661656921875001
1 0.8644354546875 0.3922813703125 0.8816748750000001 0.389456809375 0.8820839171875001 0.366022878125 0.8681326359374999 0.35952840625000004 0.8508659453125 0.363915228125 0.8520191671875 0.387376428125 0.8644354546875 0.3922813703125
1 0.615284515625 0.8786321593749999 0.6263566968750001 0.8710117359374999 0.6282734609375 0.8507295984375001 0.623695753125 0.8443987421875001 0.6096626640625 0.8425910562500001 0.5970554906250001 0.8486219484375 0.5982087109374999 0.8720831484374999 0.615284515625 0.8786321593749999
1 0.1160072265625 0.7433354624999999 0.134781640625 0.742100434375 0.142702028125 0.7359877328125 0.1444824453125 0.72351690625 0.13834247500000002 0.7171587796875001 0.1211575921875 0.7168588171875 0.11005814218750001 0.726041503125 0.11145678750000002 0.7354423453125001 0.1160072265625 0.7433354624999999
1 0.8517508312500001 0.7608661296875 0.865865728125 0.7579870296875 0.8709070171875 0.73775943125 0.864794315625 0.72983904375 0.85229621875 0.7296208890625 0.84275903125 0.7388308453125 0.8440758687500001 0.7529184718749999 0.8517508312500001 0.7608661296875
1 0.11969650000000001 0.6215062953125 0.14313043125 0.6219153359375 0.15129624375 0.6017422765625 0.13893449375 0.5937128109375001 0.1201600796875 0.594947840625 0.11380195468750001 0.6010878109375 0.1167083234375 0.6136404453125001 0.11969650000000001 0.6215062953125
1 0.3763675046875 0.8682108953125001 0.3858774234375 0.8605632015625 0.38453331562500004 0.8480378359375 0.378447884375 0.8385551859374999 0.34876490625 0.83803706875 0.34207954687500003 0.8629241828125 0.3763675046875 0.8682108953125001