0 1 0.000390625 0.00390625 0.000390625 0.00390625 0.998359375 1 0.998359375 1 0.000390625
1 0.371875 0.4109375 0.3859375 0.403125 0.3953125 0.38125 0.39375 0.31875 0.4015625 0.2703125 0.384375 0.240625 0.371875 0.23125 0.265625 0.2234375 0.2359375 0.23125 0.2203125 0.2546875 0.221875 0.365625 0.234375 0.4046875 0.25 0.4109375 0.371875 0.4109375
1 0.7265625 0.7953125 0.7703125 0.778125 0.7890625 0.7359375 0.7890625 0.678125 0.784375 0.653125 0.76875 0.625 0.7484375 0.609375 0.675 0.6078125 0.625 0.6078125 0.6109375 0.6125 0.6015625 0.625 0.6 0.7484375 0.6109375 0.778125 0.6890625 0.796875 0.7265625 0.7953125
1 0.425 0.5265625 0.425 0.4796875 0.3953125 0.4515625 0.353125 0.45 0.3328125 0.4640625 0.31875 0.4859375 0.31875 0.5265625 0.34375 0.55625 0.3953125 0.55625 0.425 0.5265625
1 0.284375 0.53125 0.2890625 0.496875 0.2796875 0.4796875 0.2421875 0.475 0.2296875 0.48125 0.21875 0.4984375 0.21875 0.5234375 0.2359375 0.5390625 0.259375 0.54375 0.284375 0.53125
1 0.759375 0.434375 0.7859375 0.4140625 0.7890625 0.371875 0.7640625 0.340625 0.728125 0.340625 0.696875 0.365625 0.6953125 0.4 0.70625 0.4265625 0.73125 0.4359375 0.759375 0.434375
1 0.7703125 0.553125 0.7890625 0.5328125 0.790625 0.49375 0.7609375 0.46875 0.728125 0.4671875 0.7 0.4921875 0.6984375 0.525 0.7140625 0.5515625 0.75625 0.5578125 0.7703125 0.553125
1 0.64375 0.540625 0.6546875 0.525 0.6546875 0.4953125 0.6421875 0.4765625 0.60625 0.4765625 0.5875 0.496875 0.5875 0.525 0.60625 0.540625 0.6328125 0.5453125 0.64375 0.540625
1 0.5375 0.6453125 0.5359375 0.6171875 0.528125 0.6046875 0.509375 0.59375 0.49375 0.5921875 0.4796875 0.5984375 0.4625 0.6203125 0.4625 0.6484375 0.48125 0.671875 0.5140625 0.6734375 0.5375 0.6453125
1 0.2703125 0.7984375 0.2984375 0.7859375 0.303125 0.76875 0.3 0.73125 0.2828125 0.7140625 0.23125 0.7125 0.215625 0.73125 0.215625 0.7703125 0.23125 0.7921875 0.2421875 0.7984375 0.2703125 0.7984375
1 0.525 0.4046875 0.5328125 0.3875 0.525 0.35625 0.503125 0.3484375 0.4796875 0.3484375 0.4640625 0.35625 0.4609375 0.3921875 0.4703125 0.4109375 0.5046875 0.41875 0.525 0.4046875
1 0.875 0.7390625 0.8609375 0.73125 0.846875 0.740625 0.8484375 0.7609375 0.8609375 0.7703125 0.871875 0.7671875 0.875 0.7390625
1 0.5171875 0.7703125 0.5171875 0.7390625 0.50625 0.734375 0.4859375 0.7390625 0.478125 0.746875 0.4796875 0.7640625 0.5 0.7765625 0.5171875 0.7703125
1 0.396875 0.765625 0.4 0.746875 0.390625 0.7359375 0.36875 0.7328125 0.3578125 0.740625 0.3546875 0.75625 0.365625 0.7734375 0.384375 0.775 0.396875 0.765625
1 0.39375 0.859375 0.371875 0.8578125 0.3625 0.8703125 0.3609375 0.8890625 0.396875 0.8875 0.4 0.871875 0.39375 0.859375
1 0.7609375 0.265625 0.7515625 0.24375 0.7265625 0.2390625 0.7171875 0.2578125 0.715625 0.26875 0.728125 0.2875 0.7578125 0.2828125 0.7609375 0.265625
1 0.521875 0.2828125 0.525 0.2609375 0.5171875 0.240625 0.48125 0.23125 0.4671875 0.2453125 0.4609375 0.2671875 0.4796875 0.2921875 0.496875 0.2984375 0.521875 0.2828125
1 0.6421875 0.2828125 0.646875 0.2703125 0.640625 0.2421875 0.6171875 0.23125 0.5953125 0.246875 0.5921875 0.2671875 0.603125 0.2890625 0.625 0.290625 0.6421875 0.2828125
1 0.646875 0.403125 0.6484375 0.3796875 0.6421875 0.3671875 0.61875 0.359375 0.596875 0.371875 0.5953125 0.3921875 0.603125 0.4125 0.63125 0.4140625 0.646875 0.403125
1 0.15 0.621875 0.14375 0.6140625 0.115625 0.61875 0.1171875 0.6453125 0.134375 0.653125 0.15 0.646875 0.15 0.621875
1 0.26875 0.6453125 0.271875 0.6203125 0.2671875 0.6140625 0.2421875 0.621875 0.240625 0.6421875 0.2453125 0.646875 0.2625 0.65 0.26875 0.6453125
1 0.515625 0.1453125 0.503125 0.128125 0.4890625 0.128125 0.4796875 0.1359375 0.4796875 0.153125 0.4890625 0.159375 0.5046875 0.1578125 0.515625 0.1453125
1 0.146875 0.1625 0.1578125 0.146875 0.1546875 0.1359375 0.1421875 0.128125 0.121875 0.1265625 0.1140625 0.134375 0.115625 0.1578125 0.1296875 0.165625 0.146875 0.1625
1 0.5140625 0.515625 0.5109375 0.4953125 0.4953125 0.4921875 0.4859375 0.496875 0.48125 0.5109375 0.4890625 0.5203125 0.503125 0.5234375 0.5140625 0.515625
1 0.75625 0.1375 0.746875 0.1265625 0.73125 0.125 0.721875 0.13125 0.7234375 0.159375 0.7453125 0.1625 0.753125 0.1578125 0.75625 0.1375
1 0.2734375 0.1375 0.265625 0.1296875 0.246875 0.128125 0.240625 0.134375 0.24375 0.1546875 0.2640625 0.1578125 0.2734375 0.1375
1 0.8796875 0.6171875 0.8625 0.6140625 0.85 0.61875 0.8484375 0.6421875 0.865625 0.646875 0.8796875 0.640625 0.8796875 0.6171875
1 0.634375 0.1515625 0.6328125 0.13125 0.621875 0.1234375 0.6046875 0.1296875 0.603125 0.153125 0.615625 0.159375 0.6296875 0.1578125 0.634375 0.1515625
1 0.1484375 0.2703125 0.146875 0.2578125 0.1390625 0.2515625 0.1203125 0.25 0.115625 0.2578125 0.1140625 0.2671875 0.125 0.2765625 0.1421875 0.2765625 0.1484375 0.2703125
1 0.875 0.26875 0.8703125 0.2484375 0.85625 0.2453125 0.8484375 0.253125 0.846875 0.2671875 0.85625 0.2765625 0.86875 0.2765625 0.875 0.26875
1 0.153125 0.3921875 0.1453125 0.371875 0.121875 0.371875 0.11875 0.3796875 0.115625 0.3921875 0.121875 0.3984375 0.140625 0.4 0.153125 0.3921875
1 0.3921875 0.1375 0.3828125 0.1296875 0.3484375 0.134375 0.3546875 0.159375 0.384375 0.159375 0.390625 0.15 0.3921875 0.1375